0.11846296208079268
0.09306688976753048
0.06764217559070122
0.04581213319359756
0.02775564738948171
0.015438065691692072
0.008207162252286586
0.00439921875
0.002482716034679878
0.0015193573742378049
0.0010107112233231708
0.0007267423304115854
0.0005578684737042683
0.0004493259336890244
0.00037806783536585364
0.0003264041063262195
0.0002872701505335366
0.0002576767339939024
0.00023400938452743903
0.00021514386432926828
0.000198974609375
0.0001850633574695122
0.00017343630907012196
0.00016330149580792683
0.0001544088224085366
0.00014601395769817073
0.00013907798208841464
0.00013235637385670732
0.00012687809641768292
0.00012120688833841463
