0.00017049947599085365
4.120141006097561e-5
2.6394578887195122e-5
1.8507050304878048e-5
1.5925114329268293e-5
1.3539681783536586e-5
1.1860470655487806e-5
1.0371808307926829e-5
1.0228896722560975e-5
9.199933307926829e-6
9.143959603658537e-6
8.685451600609756e-6
8.36866425304878e-6
8.014958079268293e-6
7.445693597560976e-6
7.4075838414634144e-6
6.920493521341463e-6
6.6870712652439024e-6
6.341701600609756e-6
6.082078887195122e-6
6.0916063262195125e-6
5.972513338414634e-6
5.862947789634146e-6
5.577124618902439e-6
5.503286966463415e-6
5.234136814024391e-6
5.284155868902439e-6
5.488995807926829e-6
5.354420731707317e-6
5.1555354420731706e-6
