0.0025774807069359755
0.00027036966463414634
0.00014623070693597562
0.00010115996570121951
7.514886623475609e-5
5.832221798780488e-5
4.701076600609756e-5
3.9799685594512195e-5
3.458817644817073e-5
3.059737042682927e-5
2.6938833841463415e-5
2.3348180259146342e-5
2.0798399390243903e-5
1.929663681402439e-5
1.781035632621951e-5
1.6538443216463415e-5
1.5247475228658537e-5
1.4380478277439024e-5
1.3439643673780488e-5
1.242139862804878e-5
1.1368616615853658e-5
1.0512338033536586e-5
9.309498856707318e-6
8.737852515243903e-6
7.689834222560975e-6
7.175352515243902e-6
6.82641006097561e-6
6.670398246951219e-6
6.429830411585366e-6
6.401248094512195e-6
