0.0003969333555640244
0.00020126238567073172
0.00014074528391768294
0.0001054711318597561
8.165967987804878e-5
6.453887195121952e-5
5.308450838414634e-5
4.311166158536585e-5
3.752739138719512e-5
3.2507621951219515e-5
2.923851943597561e-5
2.477491425304878e-5
2.145579268292683e-5
2.0270817454268292e-5
1.862257050304878e-5
1.7952076981707318e-5
1.634908536585366e-5
1.5212938262195122e-5
1.4445979420731707e-5
1.3805259146341463e-5
1.3206221417682927e-5
1.1860470655487806e-5
1.1103039253048781e-5
1.03515625e-5
9.771579649390244e-6
9.208269817073171e-6
9.364281631097562e-6
8.947456173780488e-6
8.62352324695122e-6
8.529439786585366e-6
