0.5963476562500001
0.018019531249999998
0.005431249999999999
0.003671874999999991
0.002994531250000043
0.0026226562500000217
0.0023890625000000387
0.0022390625000000552
0.002131250000000029
0.0020585937499999485
0.001999218749999976
0.0019484374999999554
0.0019164062500000023
0.0018921874999999755
0.001876562500000012
0.0018601562500000224
0.0018398437500000142
0.0018265625000000174
0.0018109375000000538
0.0018007812500000497
0.0017914062499999606
0.0017843749999999492
0.0017796875000000156
0.0017703125000000375
0.0017664062500000188
0.0017632812500000261
0.0017617187499999742
0.0017601562500000334
0.001753906250000048
0.0017500000000000293
