0.32496328124999996
0.004723437500000038
0.0015523437500000181
0.0009335937500000169
0.0006539062499999471
0.00047890625000002185
0.0003835937499999664
0.0003062499999999524
0.00026015624999997655
0.00022500000000003073
0.00019999999999997797
0.00017656249999997708
0.00015234374999995026
0.00013515625000004583
0.00012500000000004174
0.00011484375000003766
0.00010781250000002629
9.843750000004814e-5
9.218749999995168e-5
8.515625000005134e-5
7.890624999995488e-5
7.265624999996945e-5
6.640624999998401e-5
6.0937500000024514e-5
5.546874999995399e-5
5.156250000004636e-5
4.765625000002771e-5
4.4531250000034994e-5
4.375000000000906e-5
4.140625000004228e-5
