0.006515625000000025
0.0016914062499999716
0.001075781249999963
0.0007695312500000107
0.0005937499999999485
0.00046562500000002505
0.0003804687499999737
0.0003093749999999451
0.0002593749999999506
0.00022656249999997158
0.00019921874999995204
0.00017343749999998437
0.00014687499999999076
0.00013281249999996803
0.0001265624999999826
0.0001164062499999785
0.00010937499999996714
0.0001031249999999817
9.531250000005542e-5
9.062500000001084e-5
8.750000000001812e-5
8.281249999997353e-5
7.265624999996945e-5
6.796875000003588e-5
6.32812499999913e-5
6.171875000005045e-5
6.0937500000024514e-5
5.859374999994671e-5
5.859374999994671e-5
5.546874999995399e-5
