0.006515625000000025
0.0016914062499999716
0.0013351562500000247
0.000798437499999971
0.00046250000000003233
0.00030468750000001155
0.00021796875000001936
0.00017187500000004352
0.00013828125000003855
0.00011953124999997122
0.00010624999999997442
8.906249999995897e-5
7.890624999995488e-5
7.10937500000286e-5
6.406250000001723e-5
5.859374999994671e-5
5.546874999995399e-5
5.156250000004636e-5
4.921874999996856e-5
4.375000000000906e-5
4.062500000001634e-5
3.906249999996447e-5
3.5937499999971756e-5
3.3593750000004974e-5
3.281249999997904e-5
3.125000000003819e-5
3.0468750000012257e-5
2.8906249999960387e-5
2.734375000001954e-5
2.578124999996767e-5
