0.028947656249999953
0.0007125000000000048
0.00037109374999999556
0.00028593750000005524
0.00024374999999998703
0.00022500000000003073
0.000210937500000008
0.0002007812500000039
0.0001898437499999739
0.0001843750000000144
0.00018125000000002167
0.0001789062500000549
0.00017812500000002895
0.00017265624999995843
0.00017187500000004352
0.00017031249999999165
0.00016718749999999893
0.000166406249999973
0.00016249999999995435
0.0001609375000000135
0.0001609375000000135
0.00015937499999996163
0.00015937499999996163
0.00015859375000004672
0.00015624999999996891
0.00015624999999996891
0.000155468750000054
0.000155468750000054
0.000155468750000054
0.00015468750000002807
