0.001272582412347561
0.0005410049066310975
0.00035379787538109757
0.0002376583936737805
0.00018157631478658536
0.00014591749237804878
0.00012402462842987805
0.00010756240472560975
9.546374809451219e-5
8.675924161585365e-5
7.772127477134146e-5
7.190000952743902e-5
6.658369855182927e-5
6.255001905487805e-5
5.9261861661585366e-5
5.5016196646341466e-5
5.272484756097561e-5
5.068002096036585e-5
4.958436547256098e-5
4.7416873094512197e-5
4.551853086890244e-5
4.338319359756098e-5
4.2464986661585366e-5
4.1166873094512194e-5
4.0148628048780486e-5
3.9036299542682925e-5
3.768578506097561e-5
3.802758193597561e-5
3.659965701219512e-5
3.666039443597561e-5
