0.001111965272484756
0.0004843785727896341
0.00032003977705792684
0.00021555235327743903
0.00016471870236280488
0.00013466915967987804
0.00011731373856707317
0.00010236161394817074
9.168373666158537e-5
8.263862423780488e-5
7.617544778963414e-5
7.319455030487805e-5
6.910727896341464e-5
6.560832698170732e-5
6.247737233231707e-5
5.898318407012195e-5
5.7785108612804877e-5
5.570931783536585e-5
5.2728420350609755e-5
5.1188548018292684e-5
4.9240186737804876e-5
4.853158346036585e-5
4.5893673780487806e-5
4.56566787347561e-5
4.447051257621951e-5
4.280440167682927e-5
4.2299447408536586e-5
4.071431974085366e-5
3.9859232088414634e-5
3.91065644054878e-5
