0.001477804639862805
0.0006012707221798781
0.0003907869664634146
0.0002610399199695122
0.00019635694550304878
0.0001599704649390244
0.00013640434451219513
0.0001183522294207317
0.00010608565167682926
9.698099275914634e-5
8.694264481707317e-5
8.176448170731707e-5
7.647556211890244e-5
7.19166825457317e-5
6.768769054878049e-5
6.381716844512195e-5
6.153415586890244e-5
5.804592225609756e-5
5.5608088795731707e-5
5.4612471417682924e-5
5.125524009146342e-5
5.030130525914634e-5
4.810642149390244e-5
4.7307307545731706e-5
4.534108231707317e-5
4.379168254573171e-5
4.368568978658537e-5
4.226014672256097e-5
4.1277629573170734e-5
4.065477324695122e-5
