0.00502559189214939
0.0006907167016006097
0.0003894352610518293
0.00027992806783536583
0.00022308974847560974
0.00018747260861280487
0.00016501643483231708
0.0001487745331554878
0.00013644245426829268
0.00012590272484756096
0.00011788657583841463
0.00011123880525914635
0.00010658346036585365
0.00010139576981707317
9.764314977134146e-5
9.448837652439025e-5
9.157774390243902e-5
8.91553925304878e-5
8.711413871951219e-5
8.517887766768293e-5
8.318287919207317e-5
8.1298828125e-5
7.968630907012195e-5
7.811904535060976e-5
7.646603467987805e-5
7.423899580792683e-5
7.329935213414634e-5
7.265267721036585e-5
7.201552972560975e-5
7.103063071646342e-5
