0.006693786918826219
0.0009092380430640244
0.0005349799923780488
0.00039138957698170733
0.0003064310213414634
0.0002543016387195122
0.00021612042682926828
0.00019230540205792684
0.00017037800114329268
0.00015516268102134145
0.00014239353086890243
0.0001314036299542683
0.0001241234756097561
0.00011838200266768292
0.00011301329077743903
0.00010763743330792682
0.00010314048208841463
9.780154344512195e-5
9.456935975609756e-5
9.016530106707317e-5
8.844559832317074e-5
8.592201791158536e-5
8.138100228658536e-5
7.894316882621952e-5
7.895150533536585e-5
7.65625e-5
7.42723418445122e-5
7.218464176829268e-5
7.159513147865854e-5
6.995403010670732e-5
