0.016313089510289633
0.0009961223323170733
0.0002927448551829268
0.00019733350800304878
0.00015321431974085365
0.0001265970369664634
0.00010812809641768293
9.7509765625e-5
8.954482660060976e-5
8.184546493902439e-5
7.548232660060975e-5
7.111637766768292e-5
6.609899009146341e-5
6.392197027439024e-5
6.105182926829269e-5
5.778868140243903e-5
5.586056592987805e-5
5.377286585365854e-5
5.234375e-5
5.173875762195122e-5
4.963081173780488e-5
4.8557783917682927e-5
4.71632050304878e-5
4.60961318597561e-5
4.465867949695122e-5
4.4368092606707316e-5
4.329982850609756e-5
4.3148580411585365e-5
4.1384813262195125e-5
4.0673828125e-5
