0.0011342618616615853
0.00045725871760670734
0.00031128525152439025
0.00021341225228658538
0.00016362661966463413
0.00013453815739329267
0.00011412323742378048
0.0001016994569359756
9.259241615853658e-5
8.449409298780488e-5
7.651486280487805e-5
7.19333555640244e-5
6.732445693597561e-5
6.396603467987805e-5
6.064334032012195e-5
5.675019054878049e-5
5.494354992378049e-5
5.2330649771341464e-5
5.103134527439024e-5
4.895793635670732e-5
4.803615663109756e-5
4.6909536966463414e-5
4.565548780487805e-5
4.5511385289634146e-5
4.335342035060976e-5
4.344750381097561e-5
4.2955649771341466e-5
4.231969321646341e-5
4.10132431402439e-5
4.098942454268293e-5
