0.001477804639862805
0.0006012707221798781
0.0003970655487804878
0.00029285799352134147
0.00023284227324695122
0.0001902462842987805
0.00016239162538109756
0.00014313309832317074
0.00012833817644817072
0.00011557498094512195
0.00010534012957317073
9.727157964939024e-5
8.986637766768293e-5
8.364853277439025e-5
7.834532202743903e-5
7.469869474085365e-5
7.082221798780488e-5
6.700290586890244e-5
6.479730373475609e-5
6.207721989329268e-5
5.9380954649390244e-5
5.83519912347561e-5
5.606540586890244e-5
5.533774771341464e-5
5.4443359375e-5
5.3079744664634146e-5
5.170302972560975e-5
5.026438643292683e-5
4.928782393292683e-5
4.6497475228658535e-5
