0.001272582412347561
0.0005410049066310975
0.00035473990091463415
0.0002622022675304878
0.0002058641387195122
0.00017288848132621952
0.00014935451600609756
0.00013229087271341463
0.00011942168445121952
0.0001093773818597561
9.919969512195122e-5
9.353682355182926e-5
8.737733422256098e-5
8.145364900914635e-5
7.708412728658536e-5
7.424495045731707e-5
7.045302972560976e-5
6.839629382621951e-5
6.615853658536585e-5
6.374452172256098e-5
6.09398818597561e-5
5.9122522865853655e-5
5.61499618902439e-5
5.5574742759146343e-5
5.451719702743902e-5
5.313333650914634e-5
5.103372713414634e-5
4.96605849847561e-5
4.848513719512195e-5
4.8130240091463415e-5
