0.007329178972942073
0.0011774342606707317
0.0007105087652439024
0.0005099430735518292
0.0003968726181402439
0.00032230016196646344
0.0002729932831554878
0.0002365210556402439
0.00021349919016768292
0.00019289967606707316
0.0001774783250762195
0.00016467344702743902
0.00015168278391768293
0.00014538871951219512
0.00013610423018292682
0.00013011147103658536
0.00012190715510670731
0.00011703625190548781
0.00011207007431402439
0.0001065036680640244
0.0001026414824695122
0.00010002500952743902
9.695479230182927e-5
9.251143292682927e-5
8.958770007621951e-5
8.836104230182927e-5
8.515505907012196e-5
8.317930640243902e-5
8.090939405487805e-5
7.958627096036586e-5
