0.007005510432545731
0.0012359946646341464
0.0007844202553353659
0.0005631026105182927
0.0004305044778963415
0.00034790634527439023
0.0002975323932926829
0.0002619354992378049
0.0002362328506097561
0.00021371117568597562
0.00019632955411585365
0.00018059141577743903
0.0001671410537347561
0.00015645603086890243
0.00014679044397865855
0.00013856826410060975
0.00013302805830792683
0.0001250166730182927
0.00012132717225609755
0.00011491520579268292
0.00011078387004573171
0.00010579149199695121
0.0001022091749237805
9.859827553353659e-5
9.508622332317074e-5
9.266029916158537e-5
9.004739900914633e-5
8.702600990853659e-5
8.395817454268293e-5
8.2421875e-5
