0.004688971989329268
0.0005425150057164635
0.0003211890243902439
0.00022543588033536584
0.000172680068597561
0.00014174090129573171
0.00012496903582317074
0.00010997165586890244
9.695836509146341e-5
8.9111328125e-5
8.123809070121951e-5
7.572408536585366e-5
6.957412347560975e-5
6.626095655487805e-5
6.207364710365854e-5
5.897603849085366e-5
5.52734375e-5
5.401224275914634e-5
5.2486661585365856e-5
5.0491854039634146e-5
4.808855754573171e-5
4.6330745045731705e-5
4.5860327743902436e-5
4.5277963033536584e-5
4.3345083841463414e-5
4.237328506097561e-5
4.186594893292683e-5
4.0362995426829266e-5
3.934713224085366e-5
3.909108231707317e-5
