0.005758784298780488
0.0007681188071646341
0.00044073813833841465
0.00032140934641768294
0.0002539157774390244
0.00020894150152439025
0.00018176686356707316
0.00016326576791158537
0.0001481076124237805
0.0001353098799542683
0.00012502381859756098
0.00011806402439024391
0.00011098037347560976
0.00010515434451219513
0.00010066811166158537
9.635932736280488e-5
9.279606516768293e-5
8.864210175304879e-5
8.65258193597561e-5
8.368664253048781e-5
8.210866044207318e-5
7.905392530487805e-5
7.792016006097561e-5
7.462485708841464e-5
7.385432545731708e-5
7.196193788109756e-5
6.95288681402439e-5
6.818073551829269e-5
6.716129954268292e-5
6.594655106707317e-5
