0.0011342618616615853
0.00045725871760670734
0.0003240698837652439
0.00025443740472560973
0.00021265958460365853
0.00018610661204268293
0.00016514029153963416
0.0001518923875762195
0.00014284489329268292
0.00013411299542682927
0.0001269483612804878
0.00012100204839939024
0.00011681950266768293
0.00011308712842987804
0.00010869736089939024
0.00010558784298780488
0.0001031202362804878
0.00010063833841463415
9.863876714939025e-5
9.631049923780488e-5
9.521127096036586e-5
9.38428925304878e-5
9.270674542682927e-5
9.020102896341463e-5
9.040467797256097e-5
8.923756669207318e-5
8.873261242378049e-5
8.715463033536585e-5
8.726657774390244e-5
8.614591272865853e-5
