0.001111965272484756
0.0004843785727896341
0.0003267697217987805
0.00024063929115853658
0.00019515172446646343
0.0001649997618140244
0.0001426388624237805
0.00012784274961890243
0.00011380764100609756
0.00010383479420731707
9.840891768292682e-5
9.353444169207316e-5
8.766196646341463e-5
8.365091463414635e-5
8.002691501524391e-5
7.55930830792683e-5
7.362566692073171e-5
7.00171493902439e-5
6.726371951219513e-5
6.652296112804878e-5
6.516887385670732e-5
6.257383765243903e-5
6.055997522865854e-5
5.81078506097561e-5
5.791372903963415e-5
5.5636671112804876e-5
5.439453125e-5
5.3933641387195125e-5
5.258074504573171e-5
5.11694931402439e-5
