0.007189966415777439
0.001407450457317073
0.0009435094321646342
0.0006746379573170731
0.0005136587747713414
0.000413941025152439
0.0003511206650152439
0.0003057593368902439
0.00027129501714939026
0.00024646412919207317
0.00022654463605182928
0.00020899628429878048
0.00019226610137195122
0.00018111185213414633
0.0001719309737042683
0.00016372427591463415
0.0001576636337652439
0.00014946169969512195
0.00014402391387195122
0.00013636385289634147
0.00013028177400914635
0.00012539419778963414
0.00012310284870426828
0.00012084008193597561
0.00011584174923780487
0.00011156869283536585
0.00010862828696646341
0.00010402534298780487
0.00010212342797256098
9.898532774390244e-5
