0.005175713366996951
0.0006996784489329269
0.0003901295731707317
0.0002810963700457317
0.0002257955411585366
0.00019323551829268293
0.0001667504287347561
0.00014718345083841465
0.00013376405297256096
0.00012239900914634146
0.0001129906631097561
0.00010684903772865854
0.0001014553163109756
9.694050114329268e-5
9.338438452743902e-5
9.017125571646341e-5
8.616734946646342e-5
8.355802210365853e-5
8.039967606707317e-5
7.809879954268293e-5
7.659941882621952e-5
7.519173971036586e-5
7.232517149390244e-5
7.111518673780488e-5
6.911799733231707e-5
6.81592987804878e-5
6.554639862804878e-5
6.461032774390244e-5
6.31395293445122e-5
6.271794016768293e-5
