0.003651729230182927
0.000600610947027439
0.00036320979420731707
0.0002558641387195122
0.00019292944931402438
0.00015749571265243902
0.00013280416349085365
0.00011775080983231707
0.00010484946646341463
9.610327743902439e-5
8.751786394817073e-5
7.966606326219512e-5
7.417587652439025e-5
7.072813452743902e-5
6.769721798780488e-5
6.448170731707317e-5
6.186642530487805e-5
5.914276867378049e-5
5.731707317073171e-5
5.429806592987805e-5
5.164943788109756e-5
4.917944931402439e-5
4.754311166158537e-5
4.6604658917682925e-5
4.513862423780488e-5
4.458960556402439e-5
4.270079077743902e-5
4.088700457317073e-5
4.012480945121951e-5
3.984255907012195e-5
