0.00847321122332317
0.001279346894054878
0.0007338783822408536
0.000527635527820122
0.00041917754382621953
0.0003526569645579268
0.00030480897484756096
0.0002708781916920732
0.00024536251905487807
0.0002251786394817073
0.00021208079268292683
0.0001988864805640244
0.00019061428163109757
0.0001807224180640244
0.0001732207507621951
0.00016716844512195122
0.00016168302210365853
0.00015671446265243903
0.00015285942263719513
0.000149072265625
0.00014684879954268292
0.0001437869188262195
0.00014109899009146342
0.00013841939786585366
0.00013708555640243902
0.000135009765625
0.00013307331364329267
0.00013126667301829268
0.00012942430449695123
0.0001289669874237805
