0.00868598037347561
0.0005822599085365854
0.00029114662728658535
0.00020384313071646342
0.0001580399676067073
0.00012839415015243903
0.00011073861471036586
9.808260289634147e-5
8.84717987804878e-5
7.904916158536585e-5
7.311952172256098e-5
6.646579649390244e-5
6.241901676829269e-5
5.824838033536585e-5
5.555568788109756e-5
5.264743711890244e-5
5.040253429878049e-5
4.847322789634146e-5
4.782298018292683e-5
4.553163109756098e-5
4.337128429878049e-5
4.1546779725609754e-5
4.128358422256098e-5
4.056545350609756e-5
3.92601943597561e-5
3.825266768292683e-5
3.72582412347561e-5
3.636385289634146e-5
3.524437881097561e-5
3.496212842987805e-5
