0.9324296875
0.037753125000000054
0.004182812499999966
0.0024679687499999936
0.0017773437500000488
0.0013851562500000192
0.0011390624999999543
0.0009734375000000073
0.0008554687499999769
0.0007585937499999806
0.0006953124999999893
0.0006390625000000094
0.0005914062499999817
0.000543749999999954
0.0005070312499999563
0.00047890625000002185
0.0004648437499999991
0.0004453125000000169
0.00042109374999999005
0.0004062500000000524
0.00039140625000000373
0.0003804687499999737
0.00036328124999995826
0.00035468750000000604
0.0003429687499999501
0.00033437499999999787
0.00032578125000004565
0.00032031249999997513
0.0003117187500000229
0.0003031249999999597
