0.03726015625000001
0.005789062499999997
0.004297656250000004
0.002764843749999968
0.001886718750000016
0.0014351562500000137
0.0011828124999999634
0.0010171875000000163
0.000899218749999986
0.0008023437499999897
0.0007195312500000162
0.0006718749999999885
0.0006343749999999648
0.0006007812499999599
0.0005710937499999735
0.0005406249999999613
0.0005164062500000455
0.0004945312499999854
0.0004718750000000105
0.0004585937500000137
0.00044453124999999094
0.00042578125000003464
0.0004171874999999714
0.00040234375000003375
0.0003929687499999446
0.0003835937499999664
0.0003750000000000142
0.00036562500000003606
0.00035312499999995417
0.0003406249999999833
