0.66139375
0.031913281250000036
0.011322656249999952
0.007035937499999978
0.0052218750000000425
0.004196874999999989
0.003540624999999964
0.003141406250000034
0.002808593749999977
0.0025703124999999494
0.0023898437499999536
0.0022468749999999815
0.002130468750000003
0.0020460937499999776
0.0019562499999999927
0.0018828124999999973
0.00181874999999998
0.001764843749999967
0.0017281249999999693
0.0016921874999999975
0.0016601562500000444
0.0016257812500000135
0.0016000000000000458
0.001576562500000045
0.0015515624999999922
0.0015281249999999913
0.0015125000000000277
0.001496874999999953
0.001476562499999945
0.0014664062500000519
