0.56861015625
0.021498437500000023
0.007205468750000055
0.0045664062500000435
0.0033695312499999464
0.0026664062500000307
0.0022382812500000293
0.001921093750000047
0.0016937500000000494
0.0015164062500000464
0.0013843749999999932
0.001253124999999966
0.001175781249999952
0.0011078125000000272
0.0010476562500000286
0.0009960937499999822
0.0009421874999999691
0.0009007812500000378
0.0008624999999999883
0.0008195312500000052
0.0007937500000000375
0.0007718749999999774
0.0007539062500000471
0.000721874999999983
0.0007031250000000266
0.0006828125000000185
0.000665625000000003
0.0006484374999999876
0.0006281249999999794
0.0006148437499999826
