0.59322734375
0.024326562499999982
0.00982734375000005
0.006421875000000021
0.004696875000000045
0.0036703125000000503
0.0030039062500000213
0.0025687500000000085
0.0022820312500000384
0.0020367187499999995
0.0018601562500000224
0.0016828125000000194
0.0015679687499999817
0.0014468749999999586
0.0013406249999999842
0.001275781250000052
0.001197656250000012
0.0011367187499999876
0.0010804687500000076
0.0010359374999999726
0.0010039062500000195
0.0009562499999999918
0.0009257812499999796
0.000888281249999956
0.0008585937499999696
0.0008289062499999833
0.0007968750000000302
0.0007796875000000147
0.000754687499999962
0.0007367187500000316
