0.42123750000000004
0.01528750000000001
0.0056312499999999766
0.0035148437499999963
0.0026156250000000103
0.002132031250000055
0.0017914062499999606
0.0016000000000000458
0.001431249999999995
0.0013156250000000425
0.0012164062499999684
0.001143749999999999
0.0010906250000000117
0.0010343750000000318
0.000988281249999945
0.0009531249999999991
0.000921093750000046
0.0008937500000000265
0.0008703125000000256
0.0008453124999999728
0.0008249999999999647
0.000810156250000027
0.000798437499999971
0.0007804687500000407
0.0007624999999999993
0.000743750000000043
0.0007304687500000462
0.0007187499999999902
0.0007078124999999602
0.0007015624999999748
