0.03855468750000002
0.006429687499999948
0.0044562500000000504
0.002809375000000003
0.0019445312500000478
0.0015039062499999645
0.0012171874999999943
0.0010335937500000059
0.0009046874999999455
0.0008078124999999492
0.0007249999999999757
0.0006648437499999771
0.0006132812500000417
0.0005679687499999808
0.0005320312500000091
0.0005046874999999895
0.00047421874999997726
0.00045234375000002824
0.0004406249999999723
0.0004203124999999641
0.00040781249999999325
0.00038671874999995914
0.0003742187499999883
0.00036328124999995826
0.000355468750000032
0.00034687499999996874
0.0003382812500000165
0.0003320312500000311
0.00032343749999996785
0.0003195312499999492
