0.5026984375
0.017740624999999954
0.006129687499999981
0.0038429687500000087
0.0028695312500000014
0.002275781250000053
0.0018937500000000274
0.001653125000000033
0.0014734374999999522
0.001353124999999955
0.001243749999999988
0.0011359374999999616
0.0010742187500000222
0.001020312500000009
0.0009609375000000364
0.0009265625000000055
0.0008843750000000483
0.0008507812500000433
0.0008187499999999792
0.0007859375000000002
0.0007640625000000512
0.0007414062499999652
0.0007234375000000348
0.0007039062500000526
0.0006820312499999925
0.000666406250000029
0.0006523437500000062
0.0006359375000000167
0.0006203125000000531
0.000610156250000049
