0.45259453125000004
0.009857812499999952
0.004375000000000018
0.0028124999999999956
0.002041406250000044
0.0015796875000000377
0.0012968749999999751
0.0011171875000000053
0.0009890624999999709
0.000887500000000041
0.0008031250000000156
0.0007289062499999943
0.0006726562500000144
0.0006273437499999535
0.0006007812499999599
0.0005710937499999735
0.000543749999999954
0.0005257812500000236
0.0005078124999999822
0.00048749999999997407
0.00046796874999999183
0.0004468749999999577
0.00042343749999995683
0.00041250000000003784
0.0003984375000000151
0.00038124999999999964
0.0003742187499999883
0.0003617187500000174
0.0003539062499999801
0.00034453125000000195
