0.055556249999999974
0.00599375000000002
0.0036585937499999943
0.0027570312500000416
0.002241406250000022
0.0019249999999999545
0.001732031249999988
0.0015664062500000409
0.001464062499999974
0.0013789062500000338
0.0013156250000000425
0.0012562499999999588
0.001209374999999957
0.0011695312499999666
0.0011367187499999876
0.0011015625000000417
0.0010804687500000076
0.0010609375000000254
0.0010406250000000172
0.0010226562499999758
0.001009374999999979
0.0009968750000000082
0.0009851562499999522
0.00096562499999997
0.0009570312500000178
0.0009453124999999618
0.0009367187500000096
0.000932031249999965
0.0009281249999999464
0.0009226562499999869
