0.03726015625000001
0.005789062499999997
0.0034906249999999694
0.002499218750000032
0.0019257812499999805
0.0015898437500000417
0.0013625000000000442
0.001187500000000008
0.0010781250000000409
0.0009695312499999886
0.0008960937499999932
0.0008351562499999687
0.0007953124999999783
0.0007578124999999547
0.0007187499999999902
0.0006867187500000371
0.0006554687499999989
0.000632031249999998
0.000610156250000049
0.0005953125000000004
0.000577343749999959
0.0005609374999999694
0.0005382812499999945
0.0005281249999999904
0.0005085937500000082
0.0004953125000000114
0.0004828125000000405
0.0004750000000000032
0.00046093749999998046
0.0004531250000000542
