0.055556249999999974
0.00599375000000002
0.004660937499999962
0.002987500000000032
0.0020390624999999662
0.0015437499999999549
0.0012476562500000066
0.0010578125000000327
0.0009296874999999982
0.0008406250000000393
0.0007640625000000512
0.0007046874999999675
0.000654687499999973
0.0006078124999999712
0.0005804687499999517
0.0005445312499999799
0.0005132812500000528
0.0004914062499999927
0.0004750000000000032
0.0004539062499999691
0.0004429687500000501
0.0004296875000000533
0.00041796874999999734
0.00040781249999999325
0.00039999999999995595
0.00039218750000002967
0.0003835937499999664
0.0003750000000000142
0.00036640624999995097
0.0003617187500000174
