0.6514656249999999
0.01354296875000005
0.004003906250000022
0.002540624999999963
0.0018460937499999996
0.0014453125000000178
0.0011999999999999789
0.0010343750000000318
0.0009148437499999496
0.0008195312500000052
0.0007398437500000243
0.0006789062499999998
0.0006351562499999908
0.0005968750000000522
0.0005523437500000172
0.0005273437499999645
0.0004968749999999522
0.0004726562500000364
0.00046328124999994724
0.0004453125000000169
0.0004281250000000014
0.0004140624999999787
0.0004007812499999819
0.00038906250000003695
0.00038124999999999964
0.00037265625000004743
0.00036250000000004334
0.00035781249999999876
0.00034687499999996874
0.0003382812500000165
