0.45141406250000005
0.0157921875
0.00562890625000001
0.003508593750000011
0.0025882812499999908
0.002108593750000054
0.0017960937500000052
0.001554687499999985
0.0013734374999999632
0.0012414062500000211
0.0011453125000000508
0.0010695312499999776
0.0010046875000000455
0.0009554687499999659
0.00090937499999999
0.0008789062499999778
0.0008421874999999801
0.0008031250000000156
0.0007796875000000147
0.0007539062500000471
0.000732812500000013
0.0007148437499999716
0.0006968750000000412
0.0006820312499999925
0.0006632812500000362
0.0006460937500000208
0.000632031249999998
0.0006171874999999494
0.0006031250000000377
0.0005906249999999558
