0.04584609375000004
0.007175781249999957
0.004781249999999959
0.003028125000000048
0.0020679687500000377
0.0015906249999999567
0.0013187500000000352
0.0011164062499999794
0.0009953124999999563
0.0008820312499999705
0.0008015624999999638
0.0007335937500000389
0.0006804687500000517
0.0006335937500000499
0.0005945312499999744
0.0005648437499999881
0.0005374999999999686
0.0005164062500000455
0.0004937499999999595
0.00047421874999997726
0.0004531250000000542
0.0004382812500000055
0.00042578125000003464
0.0004148437500000046
0.0004007812499999819
0.00038984374999995186
0.00037812500000000693
0.00036640624999995097
0.0003562499999999469
0.00034765624999999467
