0.597503125
0.024836718750000042
0.010719531250000025
0.007158593750000053
0.005339062500000047
0.004146874999999994
0.0033820312500000282
0.002864843749999957
0.0025054687500000172
0.002198437500000039
0.0020000000000000018
0.0018476562500000515
0.0017031250000000275
0.0015812499999999785
0.0014929687500000455
0.00141953125000005
0.0013453125000000288
0.0012789062500000448
0.0012281250000000243
0.0011718750000000444
0.0011171875000000053
0.0010695312499999776
0.00104375000000001
0.0010078125000000382
0.0009820312499999595
0.0009593749999999845
0.0009249999999999536
0.0008937500000000265
0.000865624999999981
0.0008390624999999874
