0.6132257812499999
0.025882031249999993
0.009839062499999995
0.006165624999999952
0.004518750000000016
0.0035429687500000417
0.002907812500000051
0.00248671874999995
0.002175781249999953
0.0019445312500000478
0.0017609374999999483
0.0016273437499999543
0.0014929687500000455
0.0013945312499999973
0.0013125000000000497
0.0012375000000000025
0.0011750000000000371
0.001109374999999968
0.001064843750000044
0.0010148437500000496
0.0009742187500000332
0.0009398437500000023
0.0009117187499999568
0.000876562500000011
0.0008453124999999728
0.0008203125000000311
0.0008031250000000156
0.0007734375000000293
0.0007507812500000544
0.0007335937500000389
