0.03855468750000002
0.006429687499999948
0.0037812499999999583
0.0026664062500000307
0.002050781250000022
0.0016687499999999966
0.0014171874999999723
0.001232031250000043
0.0011007812500000158
0.0009953124999999563
0.0009085937499999641
0.0008460937499999988
0.0007898437500000188
0.0007351562499999797
0.0006914062499999707
0.0006570312500000508
0.0006242187499999607
0.0006015624999999858
0.0005749999999999922
0.0005492187500000245
0.0005351562500000018
0.0005156250000000195
0.0004968749999999522
0.00048671874999994813
0.00047656250000005507
0.00046328124999994724
0.0004531250000000542
0.0004429687500000501
0.00043124999999999414
0.0004171874999999714
