0.04584609375000004
0.007175781249999957
0.004187500000000011
0.0029367187500000114
0.0022671874999999897
0.0018171875000000393
0.0015117187500000018
0.0013179687500000092
0.0011632812499999812
0.0010570312500000068
0.0009507812500000323
0.0008703125000000256
0.0008015624999999638
0.0007445312499999579
0.0006921874999999966
0.0006585937499999917
0.0006265625000000385
0.0005929687500000336
0.0005695312500000327
0.0005460937500000318
0.0005320312500000091
0.0005125000000000268
0.00049921875000003
0.0004851562500000073
0.00047578125000002913
0.0004640624999999732
0.0004570312499999618
0.0004429687500000501
0.00043203125000002007
0.00042109374999999005
