0.999003125
0.15642812500000003
0.006178125000000034
0.0028328125000000037
0.001941406250000055
0.0014734374999999522
0.001210156249999983
0.001009374999999979
0.0009164062500000014
0.0008242187500000497
0.0007585937499999806
0.0006968750000000412
0.0006507812499999543
0.0006117187499999899
0.0005820312500000036
0.0005570312499999508
0.0005343749999999758
0.0005132812500000528
0.0004984375000000041
0.00048203125000001457
0.00046875000000001776
0.0004515625000000023
0.0004351562500000128
0.00042421874999998277
0.0004140624999999787
0.0004062500000000524
0.0003984375000000151
0.00038906250000003695
0.0003804687499999737
0.0003750000000000142
