0.08594303719453945	0.05999399250914859	0.03735323834103694	0.020877034595560996	0.010683213540219536
0.06010600597824412	0.028981366029371017	0.010067042956211244	0.0025246694027680878	0.000562845297031206
0.04902776493790638	0.01998386457228576	0.005898860236339847	0.0012919718833644055	0.0002821515422526369
0.04476075467628116	0.017069992642913787	0.004663855030367317	0.0009613955765501892	0.0001949754353868414
0.04295611075159471	0.01547645493545829	0.003977840955226581	0.0007693917067591543	0.00014749024397048703
0.04183422698838248	0.014352886939738775	0.0035406908680149776	0.00062703665587833	0.00011085735488426515
0.04119480139286925	0.013639273463849954	0.0032484009493062645	0.0005383625293176719	8.592107870516796e-5
0.040450409848694954	0.012911626584878799	0.003020543291798615	0.00046571219890715617	7.245474091868278e-5
0.04041574219592617	0.012544966606472325	0.00290748169686953	0.00042952787570723613	6.364770817591932e-5
0.039785946503959814	0.01214874690667966	0.0028184456908628757	0.00039741589849022523	5.4646234450523426e-5
0.039737796986225385	0.011950786348305481	0.0026814869860965073	0.0003659316742112912	5.090610496106414e-5
0.03969542541061909	0.011649516056601791	0.0026082539075628955	0.00035575885736860907	4.71212644435129e-5
0.039164817725185666	0.011670416869703137	0.0024870981302695695	0.00033519592458929504	4.2801971171560196e-5
0.03905599981510585	0.011476636473949227	0.0024244003367179866	0.0003152366004042858	3.8808132592462866e-5
0.038712212258482016	0.01140676804158187	0.002357912410154576	0.0003086049539815246	3.6620411590010174e-5
0.03858509753166312	0.011416621282043932	0.0023117241790443417	0.0002920097416954403	3.595286554268383e-5
0.03860339434840221	0.011206717401897555	0.002313073209438382	0.00028072628503923746	3.490371606954943e-5
0.03834146097192691	0.011315700213068861	0.002312173855842355	0.0002808148142997355	3.2904197301623324e-5
0.03850805830328803	0.011106990665099703	0.002272281099904309	0.0002645978633994154	3.158470207723527e-5
0.038223976148654894	0.011015922836586695	0.0022105468994913255	0.00026425179447201407	3.0022935468069894e-5
