0.9657444005270093	0.8017981201471189	0.5119653574413128	0.22412810281390894	0.07011501746722515
0.5625823451910408	0.2684920310584389	0.07718605181189697	0.015361381117716344	0.0023171917700303135
0.4268774703557312	0.17572537801389454	0.04664590139026059	0.008284041190710578	0.0011202929495433
0.3913043478260869	0.15038823048630978	0.03745346805439487	0.005781801760451288	0.0007508461960566981
0.37417654808959155	0.1377196567225174	0.03190761984350077	0.004686146625308196	0.0005639496031163427
0.3596837944664032	0.12627707396812426	0.02848894628883991	0.004064288305362096	0.0004411628879870122
0.35573122529644263	0.12259910093992643	0.026589683202917214	0.003553476113977716	0.00036075388869871716
0.35309617918313574	0.11851246424192885	0.02499430221074228	0.003212934653054833	0.0003091400040204917
0.34782608695652173	0.11483449121373113	0.023550862265441008	0.002961230094981504	0.00026730559222853945
0.3465085638998683	0.11197384552513279	0.022715186507635043	0.0027613470635702297	0.00024340021406177303
0.3438735177865613	0.11115651818553329	0.021955481273265964	0.0025984794083462326	0.0002265577885351977
0.3412384716732543	0.1103391908459338	0.021347717085770768	0.00237638715122257	0.00020754214681162342
0.33860342555994727	0.1095218635063343	0.02073995289827546	0.002280147173135738	0.00019450284962974074
0.3372859025032938	0.10788720882713532	0.02058801185140169	0.002191310270286295	0.0001792903362508591
0.33596837944664026	0.10666121781773596	0.02036010028109092	0.002117279517911741	0.00016951086336447485
0.3346508563899868	0.10502656313853698	0.01998024766390638	0.0020506518407746865	0.000162991214773478
0.3346508563899868	0.10502656313853698	0.019752336093595724	0.001991427238875021	0.00015647156618259217
0.3346508563899868	0.10502656313853698	0.01960039504672184	0.001984024163637521	0.00014995191759159532
0.3320158102766798	0.10380057212913774	0.019524424523284956	0.0019396057122128552	0.00014288896495140424
0.3320158102766798	0.10298324478953824	0.019144571906100416	0.001865574959838301	0.00013691262040971264
