0.00601416611089939
0.0007539077386623476
0.0004273383908155488
0.0003052561690167683
0.00024185403963414634
0.00019987376143292682
0.00017158173351753048
0.00015206834746570123
0.00013640464224466464
0.00012333418683307926
0.00011415658346036586
0.00010849222322789634
0.00010339950933689024
9.96972060785061e-5
9.514934260670732e-5
9.205887957317073e-5
8.745295826981707e-5
8.494158488948171e-5
8.144025104801829e-5
7.849418826219512e-5
7.554812547637196e-5
7.158084032012195e-5
7.131288109756097e-5
6.844571741615854e-5
6.602217511432927e-5
6.45067168445122e-5
6.400206030868902e-5
6.241961223323171e-5
6.078803830030488e-5
6.052156774009146e-5
5.9702803448932926e-5
5.7981909775152436e-5
5.7280749809451216e-5
5.640839367378049e-5
5.5606004668445124e-5
5.511028010670732e-5
5.334026057545732e-5
5.290110518292683e-5
5.1598525628810974e-5
5.1218916730182925e-5
5.10328339367378e-5
5.018876238567073e-5
4.9484625095274394e-5
4.82713652820122e-5
4.893530868902439e-5
4.823266006097561e-5
4.777712938262195e-5
4.7522568121189026e-5
4.6630859375e-5
4.6712735804115854e-5
