0.0056124654630335365
0.0007053877667682927
0.0003928416182355183
0.0002827654582698171
0.00022622606230945122
0.00019222948027820122
0.00017008265053353657
0.00015344536013719512
0.00013881627524771342
0.00012966993378429878
0.00012180979658917684
0.00011465975133384146
0.00011035751714939025
0.00010630091225228659
0.00010219815882240854
9.780958222179878e-5
9.44630692644817e-5
9.192787728658537e-5
8.941501524390244e-5
8.707930402057927e-5
8.530184117759146e-5
8.456197599085365e-5
8.145067168445122e-5
8.089986661585366e-5
8.009598894817074e-5
7.84986542492378e-5
7.726455316310976e-5
7.727497379954268e-5
7.501816168064025e-5
7.379001524390244e-5
7.365603563262195e-5
7.263927924923781e-5
7.146770198170731e-5
7.115806021341463e-5
7.054621998856707e-5
6.946991711128048e-5
6.937613138338415e-5
6.968279582698171e-5
6.90843535632622e-5
6.893399866615853e-5
6.831471512957318e-5
6.783834317835366e-5
6.81420302972561e-5
6.793064024390245e-5
6.705828410823171e-5
6.659679878048781e-5
6.615020007621952e-5
6.560237233231708e-5
6.572295398246951e-5
6.539693692835366e-5
