0.09513867634098705
0.056252127298494665
0.025981559939500763
0.010268015791730183
0.004329930747427591
0.0022101098037347563
0.0013559868044969513
0.0009567096989329269
0.000742272353753811
0.000609364579363567
0.0005173190977515243
0.00045176138528963414
0.00040488936261432926
0.0003680687881097561
0.0003391976705411585
0.0003158911728277439
0.00029741091844512194
0.0002819928425114329
0.00026787436880716463
0.00025759068931021343
0.0002487108184070122
0.00023970589986661584
0.0002308692001714939
0.00022286019674161586
0.0002168504668445122
0.0002112277891577744
0.00020559171350990855
0.00020150533536585365
0.00019644239472179877
0.0001920240448742378
0.00018912264195884146
0.00018556473894817073
0.00018239686547256097
0.00017898634003429877
0.00017620700743140245
0.0001735497451410061
0.00017040420160060974
0.00016709341653963416
0.00016427389005335366
0.00016152879668445121
0.0001589548994855183
0.00015707620760289635
0.00015493551114710365
0.00015304342130335365
0.0001513746308117378
0.00014890791730182927
0.00014657369474085365
0.00014564030344893291
0.00014276271913109755
0.00014058927210365853
