0.05946687279677972
0.023856594178734754
0.006932012790586891
0.0017546982183689025
0.0008295794231135671
0.0005814938428925305
0.0004620510194359756
0.0003814875905106707
0.00032575356088033536
0.00028262998999618904
0.0002523491091844512
0.00022617544778963416
0.00020755972513338415
0.00019126333841463415
0.00017672357326600609
0.0001678347703887195
0.0001573754287347561
0.00014713492044588413
0.00013945342273246952
0.00013031303591844512
0.0001254049161585366
0.00012030327029344513
0.00011490389195884146
0.00011114948551829269
0.00010747844416920732
0.00010388927924923781
0.00010049066310975609
9.872808689024391e-5
9.513445598323171e-5
9.012659584603658e-5
8.838486089939024e-5
8.715522580030487e-5
8.527951124237804e-5
8.241830221036586e-5
8.111274533155488e-5
7.924000809832317e-5
7.712461890243903e-5
7.599174685594513e-5
7.481123761432927e-5
7.325111947408536e-5
7.157935165777439e-5
6.956965748856707e-5
6.903671636814024e-5
6.717439977134147e-5
6.686624666539634e-5
6.563512290396342e-5
6.436827124618902e-5
6.304931640625e-5
6.188071646341463e-5
6.135968464176829e-5
