0.006172080435403964
0.0005516015029535061
0.00030855355611661585
0.00021413812404725608
0.00016017857993521343
0.00013287353515625
0.0001141357421875
0.0001014821122332317
8.901158774771342e-5
8.164717511432927e-5
7.331959794207317e-5
7.001625619283537e-5
6.441739710365854e-5
5.922643149771341e-5
5.837193931021341e-5
5.489889005335366e-5
5.3201814977134146e-5
5.070532822027439e-5
4.825647865853659e-5
4.6623416063262196e-5
4.668891720655488e-5
4.595947265625e-5
4.511837842987805e-5
4.330369902820122e-5
4.17406035632622e-5
4.053776438643293e-5
4.095161251905488e-5
3.903421541539634e-5
3.814399533155488e-5
3.705429449314024e-5
3.5455471131859754e-5
3.5653463224085364e-5
3.429729182545732e-5
3.543611852134146e-5
3.432408774771342e-5
3.449081793064024e-5
3.439852086509146e-5
3.331030868902439e-5
3.3115293921493905e-5
3.240669064405488e-5
3.145096941692073e-5
3.076469607469512e-5
3.101032536204268e-5
3.028683546112805e-5
2.968094988567073e-5
2.8875583555640242e-5
2.9340046208079267e-5
2.8311380525914636e-5
2.836199504573171e-5
2.809105849847561e-5
