0.008475504061070884
0.001278784775152439
0.0007330411585365854
0.0005285153272675305
0.0004194082864900915
0.0003518259932355183
0.00030436148294588414
0.00026950594274009147
0.0002441063857660061
0.00022455876048018292
0.00021138558736661584
0.00019751274294969512
0.00018799721322408536
0.00017855611661585365
0.00017116788538490855
0.0001657640410632622
0.0001607933974847561
0.0001559790634527439
0.0001517259551257622
0.0001479834579839939
0.00014627000762195121
0.0001429368926257622
0.00014005037633384147
0.00013721000857469512
0.00013616050161966464
0.00013408381764481707
0.0001319431211890244
0.00013060481373856707
0.00012865764338795732
0.00012828994378810975
0.00012684296398628048
0.00012535727896341464
0.0001243211699695122
0.00012419016768292683
0.00012253775247713413
0.00012058909346417683
0.00011970185070503049
0.0001190185546875
0.00011909149914253049
0.00011826826886432926
0.00011768024723704269
0.00011623177877286585
0.00011545767435213414
0.00011462104611280487
0.00011483541349085365
0.00011308028058307927
0.00011340183165015244
0.00011234637004573171
0.00011268280773628049
0.00011200397770579269
