0.45986035156250005
0.016196289062500036
0.0056533203124999876
0.003508789062499962
0.0026562500000000266
0.0021376953124999654
0.0018310546875
0.0016240234375000107
0.0014667968749999538
0.0013408203125000462
0.0012412109374999591
0.0011699218749999796
0.0011005859374999538
0.001053710937499952
0.0010146484374999876
0.0009755859375000231
0.0009404296874999662
0.0009111328124999929
0.0008867187500000151
0.0008662109374999449
0.000843750000000032
0.0008242187500000497
0.0008154296875000355
0.000798828124999984
0.0007832031250000204
0.0007675781249999458
0.0007568359374999778
0.0007480468749999636
0.0007353515625000417
0.0007275390625000044
0.0007167968750000364
0.0007050781249999805
0.000699218750000008
0.0006923828124999476
0.0006865234374999751
0.0006826171874999565
0.0006796875000000258
0.000676757812499984
0.0006689453124999467
0.0006669921874999929
0.0006621093749999973
0.0006572265625000018
0.00065429687499996
0.0006533203124999831
0.0006513671875000293
0.0006474609375000107
0.0006425781250000151
0.0006386718749999964
0.0006347656249999778
0.0006318359375000471
