1.0
0.999849609375
0.7894873046875
0.19087695312499997
0.03800097656250001
0.01205761718749998
0.007155273437499998
0.005367187499999981
0.004264648437499963
0.003529296875000032
0.0029775390624999787
0.0025800781250000515
0.002297851562499953
0.002064453125000032
0.0018720703125000293
0.0017138671874999956
0.0015810546875000275
0.0014843749999999822
0.001408203125000007
0.0013183593750000222
0.0012412109374999591
0.0011787109374999938
0.0011132812499999867
0.0010693359375000266
0.0010244140624999787
0.0009892578125000329
0.0009619140625000133
0.0009248046875000027
0.0008945312500000524
0.0008701171874999636
0.0008408203124999902
0.0008173828124999893
0.0007851562499999742
0.0007646484375000151
0.0007441406249999449
0.0007255859375000506
0.0007050781249999805
0.00068847656250004
0.0006738281250000533
0.0006611328125000204
0.0006572265625000018
0.0006464843750000338
0.0006318359375000471
0.0006181640625000373
0.0005986328125000551
0.0005869140624999991
0.0005820312500000036
0.00056640625000004
0.0005595703124999796
0.0005498046874999885
