1.0
1.0
1.0
0.9994833984375
0.9768447265625
0.861158203125
0.6526826171875
0.4402236328125
0.2789443359375
0.17457226562499994
0.11130371093750002
0.07377832031249998
0.05080566406249998
0.03654199218749998
0.027467773437499954
0.021258789062500005
0.01703222656250003
0.014061523437500001
0.011825195312500036
0.010179687499999979
0.008920898437499991
0.007954101562499982
0.0072021484375
0.006589843750000046
0.006046875000000007
0.005606445312499986
0.0052539062499999956
0.004919921875000011
0.004642578125000019
0.004412109375000028
0.004193359374999983
0.004012695312500036
0.00384863281250003
0.003716796875000039
0.003608398437500049
0.0034892578124999796
0.0033769531249999707
0.003262695312500008
0.0031679687500000275
0.0030820312499999503
0.0030126953125000355
0.0029453124999999636
0.002886718750000017
0.002829101562500047
0.0027705078124999893
0.002709960937499978
0.0026552734375000497
0.0026035156250000524
0.0025673828125000187
0.002530273437500008
