0.51331640625
0.01771777343750003
0.005994140625000033
0.003730468750000049
0.0027363281250000204
0.002188476562499986
0.0018232421874999627
0.0015888671874999538
0.0013896484375000018
0.0012509765624999503
0.001143554687500048
0.0010566406249999938
0.0010000000000000009
0.0009511718750000453
0.0009169921874999654
0.0008779296875000009
0.0008466796874999627
0.0008056640625000444
0.000777343750000048
0.0007480468749999636
0.0007128906250000178
0.0006865234374999751
0.0006630859374999742
0.0006455078124999458
0.0006240234375000098
0.0006093750000000231
0.0005927734374999716
0.0005830078124999805
0.0005703124999999476
0.0005605468749999565
0.0005517578125000533
0.0005410156249999742
0.000533203125000048
0.0005234374999999458
0.0005126953124999778
0.0005048828125000515
0.0004941406249999725
0.00048828125
0.0004794921874999858
0.0004736328125000133
0.0004648437499999991
0.00046093749999998046
0.00045800781250004974
0.0004482421874999476
0.00044335937499995204
0.00043652343750000266
0.00043457031250004885
0.0004316406250000071
0.0004306640625000302
0.0004238281249999698
