0.5999257812500001
0.024913085937499968
0.009756835937499986
0.006279296874999951
0.004568359374999997
0.003595703125000016
0.002918945312500032
0.002472656250000038
0.002166015624999962
0.0019394531249999902
0.001742187499999992
0.001585937500000023
0.0014443359375000409
0.0013427734375
0.0012558593749999458
0.0011806640624999476
0.001121093750000024
0.0010683593750000497
0.001021484375000048
0.0009736328124999583
0.0009365234374999476
0.0009033203124999556
0.0008740234374999822
0.0008525390625000462
0.0008261718750000036
0.0007998046874999609
0.000777343750000048
0.0007607421874999964
0.0007441406249999449
0.0007207031250000551
0.0007031250000000266
0.0006914062499999707
0.0006826171874999565
0.0006640624999999512
0.000655273437500048
0.0006455078124999458
0.000632812500000024
0.0006269531250000515
0.0006113281249999769
0.0005947265625000364
0.0005888671874999529
0.0005849609375000453
0.0005781249999999849
0.0005712890625000355
0.0005634765624999982
0.0005566406250000488
0.0005498046874999885
0.0005429687500000391
0.0005341796875000249
0.0005273437499999645
