0.03984461282869665
0.012023997237042682
0.003920083841463415
0.0021485107421875
0.001835940477324695
0.0017172214415015245
0.0016249803496570122
0.0015392453077362805
0.0014566781392911586
0.0013757794636051828
0.0012960181259527438
0.0012182938738567073
0.0011444734899009146
0.0010734190405868903
0.0010056622761051828
0.0009429621998856707
0.000883399628429878
0.0008314042254192073
0.00078349609375
0.0007402885623094513
0.0007005079315929878
0.0006654177782012195
0.0006312178448932927
0.0006007342082698171
0.0005721489138719512
0.000545067168445122
0.000519970107660061
0.0004950439453125
0.00047375131002286584
0.00045382526676829266
