0.08968146555830793
0.048981710889862806
0.019550388838605184
0.006503078553734756
0.0023863960080030486
0.001108914110137195
0.0006426084937118903
0.00043792813929115855
0.00033097191787347563
0.0002652760575457317
0.00022181664443597562
0.00018884694169207317
0.00016560713605182927
0.00014799685594512195
0.00013479658917682927
0.00012482969702743902
0.00011592987804878049
0.00010850681211890244
0.00010191322884908536
9.657667206554878e-5
9.209639386432927e-5
8.764946169969512e-5
8.355087652439024e-5
7.962795350609757e-5
7.629573170731708e-5
7.351014672256097e-5
7.10621903582317e-5
6.854218273628049e-5
6.680282964939025e-5
6.488543254573171e-5
