0.00579135087176067
0.000687328506097561
0.0003815578553734756
0.00026789491234756096
0.00020997463319359755
0.0001710062166539634
0.00014576326695884146
0.0001298994855182927
0.00011739055354420732
0.00010816441977896341
0.00010184713224085366
9.614615091463414e-5
9.161049447408536e-5
8.749642721036586e-5
8.420112423780487e-5
8.102253239329268e-5
7.895924637957317e-5
7.726872141768292e-5
7.52590272484756e-5
7.359827553353659e-5
7.259134432164635e-5
7.115448742378049e-5
7.006300019054879e-5
6.858446074695122e-5
6.824623666158537e-5
6.77049590320122e-5
6.662954935213415e-5
6.565358231707317e-5
6.525581173780487e-5
6.400652629573171e-5
