0.999972265625
0.93977421875
0.43281679687499997
0.08397734374999999
0.025910156250000038
0.018249218749999963
0.016285546874999945
0.015016796875000016
0.01399414062500004
0.013142187499999958
0.012323828124999991
0.01153359374999996
0.010799609375000019
0.010112890624999982
0.009431250000000002
0.008807812499999956
0.008216406249999975
0.007658593749999998
0.007142968749999978
0.006671093749999968
0.006266406249999967
0.005897265625000037
0.005568359374999998
0.0052539062499999956
0.004974999999999952
0.004717578124999955
0.004474609374999994
0.004258593750000039
0.004053515625000004
0.003874999999999962
