0.0006704437450238853
0.00029341908837579616
0.00017466846636146496
0.00011017304438694268
7.955687699044586e-5
6.102022790605095e-5
4.905267217356688e-5
4.2099795979299364e-5
3.694578523089172e-5
3.3456906847133756e-5
3.0947701035031844e-5
2.8913092157643312e-5
2.6426278861464967e-5
2.44750199044586e-5
2.3679463574840764e-5
2.2244476512738853e-5
2.0665182125796177e-5
1.975828523089172e-5
1.90000497611465e-5
1.841784434713376e-5
1.7735494625796178e-5
1.686280851910828e-5
1.6098352906050954e-5
1.5221312699044586e-5
1.442326831210191e-5
1.413216560509554e-5
1.3484026671974523e-5
1.3548716162420382e-5
1.2930433917197453e-5
1.2897467157643312e-5
