0.08207537009852707
0.03875972395003981
0.014493964594944267
0.002991934962181529
0.0008211932722929936
0.0004130374203821656
0.00030675694167993633
0.00024864214271496813
0.00020805881767515922
0.00017815983280254776
0.0001553045382165605
0.0001382134504378981
0.00012382439291401274
0.00011367249701433121
0.00010468003582802548
9.678978403662421e-5
8.964594944267516e-5
8.498021994426751e-5
8.000845939490445e-5
7.605431429140127e-5
7.232782643312102e-5
6.869961683917197e-5
6.553294187898089e-5
6.286325636942676e-5
6.045854896496815e-5
5.865968351910828e-5
5.700574741242038e-5
5.4845491640127387e-5
5.285939988057325e-5
5.1584892515923566e-5
