0.006140369974124204
0.0012723048119028663
0.000790542272093949
0.000556140525477707
0.00042123556926751594
0.0003356806080812102
0.00028069143113057326
0.00024199654160031846
0.0002129217257165605
0.0001925831011146497
0.00017535703622611465
0.00015951370919585988
0.00014853577826433122
0.0001384330214968153
0.00013021372412420383
0.00012206098228503184
0.00011424039609872612
0.00010893896795382166
0.00010413390724522293
0.0001008303891321656
9.677423367834395e-5
9.250534932324841e-5
8.925408041401274e-5
8.675482683121019e-5
8.380958897292994e-5
8.163253881369427e-5
7.963462878184714e-5
7.782394506369427e-5
7.575201532643312e-5
7.462057125796178e-5
