0.13012527244227706
0.07610903973427548
0.02936099472531847
0.009013133832603503
0.0031457099671576435
0.0014741864052547772
0.000888671875
0.0006303493232484076
0.0004923100368232484
0.0004065983280254777
0.00034596872511942673
0.0003000534932324841
0.00026560944964171973
0.00023802871218152867
0.00021821133558917199
0.0002006537370621019
0.00018631257464171973
0.00017483952030254778
0.00016519518809713377
0.00015663067277070064
0.0001486079319267516
0.0001412476363455414
0.00013539883558917197
0.00012933730593152866
0.00012399731289808918
0.00011968550955414012
0.00011540294088375797
0.00011217904060509554
0.00010910939988057325
0.0001057554986066879
