0.004748527070063694
0.0002807374601910828
0.0001504820611066879
9.795046277866242e-5
7.367013335987262e-5
5.705986265923567e-5
4.829630274681529e-5
4.054911425159236e-5
3.573721138535032e-5
3.204866640127389e-5
2.971673467356688e-5
2.7694566082802547e-5
2.610220939490446e-5
2.499564589968153e-5
2.3553194665605097e-5
2.2640077627388536e-5
2.0922696058917197e-5
1.985594148089172e-5
1.893971437101911e-5
1.7716212181528662e-5
1.73765923566879e-5
1.646596337579618e-5
1.6029309315286626e-5
1.5516147492038218e-5
1.578299164012739e-5
1.5050258757961784e-5
1.484499402866242e-5
1.461547074044586e-5
1.4317525875796178e-5
1.3745894705414012e-5
