0.008472865246815287
0.0013717201184315286
0.0008012595790207007
0.0005816704816878981
0.0004582311156449045
0.0003826184315286624
0.0003313339719347134
0.000296460738455414
0.000270815709593949
0.00025055919088375794
0.00023476811305732484
0.00022402841361464967
0.00021441767018312103
0.000205835738455414
0.0001976319914410828
0.00019089619824840765
0.00018577515425955413
0.00018149009753184713
0.0001772156150477707
0.0001743170282643312
0.00017180098029458599
0.0001693533539012739
0.0001671327627388535
0.00016487547273089171
0.0001624931578423567
0.00016122735867834395
0.00015946954617834395
0.000157921974522293
0.0001563352159633758
0.00015503396198248407
