0.01179414062499995
0.0023898437499999536
0.0015816406249999915
0.0009343750000000428
0.0006292968750000183
0.0004796875000000478
0.0003804687499999737
0.00032226562500003997
0.00028671874999997016
0.00025664062499997087
0.00023906250000005347
0.0002273437499999975
0.00021484375000002665
0.00020039062499999094
0.00019023437499998685
0.00018281249999996252
0.00017500000000003624
0.00016992187499997868
0.00016406250000000622
0.00016054687500000053
0.00015624999999996891
0.00015390625000000213
0.00014882812499994458
0.0001429687499999721
0.00014023437499999236
0.00013515625000004583
0.00013242187499995506
0.00013046875000000124
0.0001296874999999753
0.0001277343750000215
