0.42677226562500004
0.009917187500000035
0.003507812499999985
0.0021246093750000306
0.0015660156250000279
0.001255078125000031
0.0010472656250000156
0.0009062499999999973
0.0008273437500000425
0.0007535156250000341
0.0006910156249999577
0.0006570312500000508
0.0006234375000000458
0.0005941406249999615
0.00056640625000004
0.0005472656249999597
0.0005257812500000236
0.0005070312499999563
0.0004960937500000373
0.00048203125000001457
0.0004738281249999643
0.00046328124999994724
0.00045429687499998206
0.00044765624999998366
0.0004414062499999982
0.00043437499999998685
0.00042890625000002736
0.0004261718750000476
0.00041914062500003624
0.0004128906250000508
