0.16263203125000003
0.008024218750000034
0.003729687500000023
0.0025785156249999996
0.0020593749999999744
0.0017796875000000156
0.0015812499999999785
0.0014605468749999684
0.0013597656249999535
0.0012906249999999897
0.0012402343749999822
0.0011906250000000007
0.0011523437499999512
0.0011246093750000297
0.0011011718750000288
0.0010734374999999963
0.0010601562499999995
0.0010472656250000156
0.0010343750000000318
0.0010250000000000536
0.0010148437500000496
0.0010066406249999993
0.0010003906250000139
0.0009949218750000544
0.0009914062500000487
0.0009832031249999984
0.000976953125000013
0.0009726562499999813
0.0009664062499999959
0.0009628906249999902
