0.01179414062499995
0.0023898437499999536
0.001364453124999998
0.0009382812499999504
0.0007125000000000048
0.0005742187499999662
0.00048671874999994813
0.0004304687499999682
0.00038476562500000533
0.00034023437499997033
0.0003152343750000286
0.0002929687499999556
0.0002726562499999474
0.0002593749999999506
0.00024687499999997975
0.00023593749999994973
0.00022500000000003073
0.00022031249999998614
0.00021171875000003393
0.0002054687500000485
0.00020039062499999094
0.00019570312499994635
0.0001910156250000128
0.00018710937499999414
0.00018164062500003464
0.00017812500000002895
0.0001753906250000492
0.00017187500000004352
0.00016796875000002487
0.00016562499999994706
