0.5948914062499999
0.0037992187499999996
0.0013789062500000338
0.0008277343750000554
0.0005839843749999574
0.0004648437499999991
0.0003816406250000126
0.0003351562500000238
0.00029335937499996856
0.0002695312499999547
0.00024687499999997975
0.000232812499999957
0.00022382812499999183
0.00021484375000002665
0.0002085937500000412
0.00019999999999997797
0.00019179687500003872
0.00018476562500002736
0.00017929687499995683
0.00017265624999995843
0.00016718749999999893
0.00016328124999998028
0.00016015624999998757
0.00015664062499998188
0.00015585937499995595
0.00015390625000000213
0.00015039062499999645
0.00014921874999995755
0.00014843750000004263
0.00014726562500000373
