0.507438671875
0.022069140624999983
0.00904960937499999
0.005863671875000032
0.004474609374999994
0.003693359375000038
0.003185546874999945
0.0028667968750000217
0.002627734374999968
0.002453906249999971
0.002321484375000016
0.0022113281250000227
0.0021234374999999917
0.002063671875000006
0.002007812500000039
0.0019574218750000316
0.001909765625000004
0.0018769531250000249
0.0018410156250000531
0.0018164062500000133
0.001796875000000031
0.0017789062499999897
0.0017585937499999815
0.0017460937500000107
0.0017324218750000009
0.0017164062500000243
0.0017054687499999943
0.0016953124999999902
0.0016855468749999991
0.001676171875000021
