1.0
1.0
1.0
0.999554296875
0.968896484375
0.79505625
0.51695859375
0.28965195312500003
0.15545585937499995
0.08496171875000003
0.04904453124999997
0.030231640624999945
0.019930859375000054
0.013955468749999977
0.01034570312500005
0.008031250000000045
0.0064753906250000215
0.005418359375000015
0.004618750000000005
0.004038671874999955
0.0035820312500000062
0.0032355468750000504
0.0029324218749999797
0.002698437499999984
0.0025222656250000197
0.0023589843750000394
0.0022113281250000227
0.0021019531249999446
0.0019921874999999645
0.0019011718750000517
