0.989146484375
0.030810546874999956
0.008867578125000053
0.006546093750000037
0.005807031250000039
0.005446093750000047
0.005239062499999947
0.005092968749999982
0.005004296875000036
0.004938671874999967
0.00489101562500005
0.004858984374999986
0.0048210937499999496
0.004796093750000008
0.004774218749999948
0.004751953124999986
0.004741015624999956
0.004726171875000018
0.004716406250000027
0.004708203124999977
0.004701953124999991
0.004692968750000026
0.004684765624999976
0.004679296875000016
0.004674218749999959
0.004669531250000025
0.004665625000000007
0.004659765625000034
0.0046546874999999766
0.004651171874999971
