0.03528205078125
0.005473756510416667
0.0005022265625
0.00019540364583333334
0.00013673828125
0.00010008463541666667
8.889973958333333e-5
7.932291666666667e-5
6.838541666666667e-5
5.810546875e-5
5.38671875e-5
4.8671875e-5
4.684895833333333e-5
4.4635416666666666e-5
4.138020833333333e-5
4.013671875e-5
3.861979166666667e-5
3.62890625e-5
3.345703125e-5
3.111979166666667e-5
3.0377604166666668e-5
2.9524739583333334e-5
2.83984375e-5
2.7975260416666667e-5
2.5670572916666667e-5
2.568359375e-5
2.4993489583333333e-5
2.5794270833333334e-5
2.5657552083333333e-5
2.4752604166666667e-5
2.5091145833333332e-5
2.5403645833333333e-5
2.5904947916666667e-5
2.4231770833333333e-5
2.51953125e-5
2.4368489583333334e-5
2.3658854166666667e-5
2.3723958333333333e-5
2.4609375e-5
2.53125e-5
2.3587239583333332e-5
2.40625e-5
2.373046875e-5
2.3645833333333333e-5
2.2337239583333332e-5
2.2708333333333334e-5
2.2298177083333334e-5
2.2805989583333334e-5
2.26953125e-5
2.326171875e-5
