0.03693510416666667
0.005978938802083333
0.0005545247395833333
0.00020563802083333333
0.00013361328125
9.56640625e-5
7.368489583333333e-5
6.849609375e-5
5.927734375e-5
5.564453125e-5
5.143229166666667e-5
4.728515625e-5
4.4778645833333336e-5
4.341796875e-5
4.125651041666667e-5
4.103515625e-5
3.809244791666667e-5
3.6334635416666666e-5
3.5013020833333334e-5
3.478515625e-5
3.5638020833333336e-5
3.361979166666667e-5
3.3684895833333334e-5
3.3001302083333335e-5
3.25e-5
3.212890625e-5
3.171875e-5
3.0852864583333334e-5
3.083984375e-5
2.9654947916666667e-5
2.90625e-5
2.92578125e-5
2.96875e-5
2.892578125e-5
2.798828125e-5
2.8268229166666666e-5
2.8561197916666667e-5
2.7734375e-5
2.595703125e-5
2.5670572916666667e-5
2.474609375e-5
2.4928385416666666e-5
2.431640625e-5
2.3600260416666666e-5
2.5123697916666665e-5
2.474609375e-5
2.3893229166666668e-5
2.435546875e-5
2.3639322916666668e-5
2.3040364583333334e-5
