0.12288850260416667
0.10387985677083333
0.08527661458333333
0.06808235677083334
0.05162647135416667
0.03719064453125
0.025583763020833334
0.017003203125
0.011073059895833333
0.00718396484375
0.0047171484375
0.0031807486979166665
0.0022178841145833335
0.0016076888020833333
0.0012134049479166666
0.0009466861979166666
0.0007661979166666667
0.0006409049479166667
0.0005508854166666666
0.00048397786458333333
0.00042973307291666664
0.00038814453125
0.00035280598958333334
0.000323671875
0.00029573567708333334
0.00027374348958333336
0.00025473307291666667
0.00023755859375
0.00022532552083333335
0.00021257161458333333
0.00020052083333333334
0.00019188802083333333
0.00018291666666666668
0.0001769140625
0.00017180338541666668
0.0001679296875
0.00016209635416666667
0.00015891276041666666
0.00015624348958333332
0.00015250651041666668
0.00015097005208333333
0.00014887369791666667
0.00014525390625
0.00014244791666666667
0.00014090494791666667
0.00013839192708333333
0.00013572916666666667
0.00013305338541666666
0.00013266927083333333
0.00012922526041666668
