0.040308046875
0.005409283854166667
0.001238359375
0.0006821028645833333
0.00047220703125
0.0003689388020833333
0.0003095833333333333
0.000266875
0.00023205078125
0.00021386067708333335
0.00019503255208333333
0.00017412760416666667
0.00016022135416666667
0.00014927083333333334
0.00013991536458333334
0.00013334635416666668
0.00012357421875
0.00011617838541666667
0.0001073828125
0.00010706380208333333
0.000100078125
9.641927083333334e-5
9.513020833333334e-5
9.573567708333333e-5
9.228515625e-5
8.865234375e-5
8.824869791666666e-5
8.393229166666667e-5
8.121744791666667e-5
8.265625e-5
8.084635416666666e-5
7.886067708333333e-5
7.690104166666667e-5
7.462890625e-5
7.384114583333334e-5
7.302083333333333e-5
7.158854166666667e-5
7.067708333333333e-5
7.016927083333334e-5
6.822265625e-5
6.642578125e-5
6.604166666666667e-5
6.618489583333334e-5
6.40234375e-5
6.287760416666666e-5
6.207682291666666e-5
6.179036458333333e-5
6.201171875e-5
6.0859375e-5
6.16015625e-5
