1.0
0.927171875
0.1015390625
0.006281250000000016
0.002453124999999945
0.0017109374999999538
0.0012343750000000098
0.0010000000000000009
0.0008906250000000338
0.0007734375000000293
0.0006640624999999512
0.0005781249999999849
0.0005312499999999831
0.00048437499999998135
0.0004531250000000542
0.0004140624999999787
0.0003828125000000515
0.0003750000000000142
0.0003515625000000133
0.000343749999999976
0.00032812500000001243
0.00030468750000001155
0.00029687499999997424
0.00028125000000001066
0.00025781250000000977
0.00024999999999997247
0.00024999999999997247
0.00024218750000004619
0.00024218750000004619
0.00024218750000004619
0.00024218750000004619
0.00024218750000004619
0.00023437500000000888
0.00023437500000000888
0.00023437500000000888
0.00023437500000000888
0.00023437500000000888
0.00022656249999997158
0.00022656249999997158
0.00022656249999997158
0.00022656249999997158
0.00022656249999997158
0.0002187500000000453
0.0002187500000000453
0.0002187500000000453
0.000210937500000008
0.000210937500000008
0.000210937500000008
0.000210937500000008
0.000210937500000008
