1.0
1.0
1.0
1.0
0.9999921875
0.9978359375
0.97153125
0.877140625
0.7120546875
0.5207578125
0.35864062500000005
0.2400234375
0.15828906249999997
0.10541406249999996
0.07137499999999997
0.05046874999999995
0.03652343749999998
0.02710937499999999
0.020804687499999974
0.01636718749999999
0.013226562499999983
0.010984375000000046
0.009281250000000019
0.008054687500000046
0.006921874999999966
0.00611718750000001
0.005414062499999983
0.0050000000000000044
0.004593749999999952
0.00416406250000001
0.0037812499999999583
0.0034999999999999476
0.003242187500000049
0.00300781250000004
0.0028828124999999982
0.002695312499999991
0.002585937500000024
0.0024687500000000195
0.002398437500000017
0.0023046875000000133
0.0022109375000000098
0.002164062500000008
0.00213281249999997
0.00203125000000004
0.001976562500000001
0.0019296874999999991
0.0018515624999999591
0.0017890624999999938
0.0017578124999999556
0.001687499999999953
