1.0
0.9425078125
0.11302343749999999
0.0071640625000000124
0.002718749999999992
0.001742187499999992
0.0012812500000000115
0.0009218749999999609
0.0007578124999999547
0.0006640624999999512
0.0006093750000000231
0.0005468749999999467
0.0005156250000000195
0.0004921875000000187
0.00046875000000001776
0.0004453125000000169
0.0004296875000000533
0.0004062500000000524
0.0003828125000000515
0.0003671874999999769
0.0003515625000000133
0.000343749999999976
0.00033593750000004974
0.00032031249999997513
0.00032031249999997513
0.00032031249999997513
0.00029687499999997424
0.00029687499999997424
0.00028906250000004796
0.00028125000000001066
0.00028125000000001066
0.00028125000000001066
0.00028125000000001066
0.00028125000000001066
0.00027343749999997335
0.0002656250000000471
0.00025781250000000977
0.00025781250000000977
0.00025781250000000977
0.00025781250000000977
0.00024218750000004619
0.00023437500000000888
0.00023437500000000888
0.00022656249999997158
0.0002187500000000453
0.0002187500000000453
0.0002187500000000453
0.0002187500000000453
0.0002187500000000453
0.000210937500000008
