0.0069729081316692075
0.0006036960508765244
0.00031490151009908534
0.0002461800924161585
0.00020513886242378047
0.0001752149628429878
0.00015398127858231707
0.00013952696265243902
0.00012888838605182927
0.00012003977705792683
0.000113671875
0.0001074462890625
0.00010210913681402439
9.814989043445121e-5
9.458543730945121e-5
9.065239138719513e-5
8.750952743902439e-5
8.502465224847561e-5
8.239924733231707e-5
8.052293730945122e-5
7.89187547637195e-5
7.747653868140244e-5
7.539300685975609e-5
7.493330792682927e-5
7.396031821646341e-5
7.284263052591463e-5
7.198813833841463e-5
7.086866425304878e-5
6.921743997713415e-5
6.912871570121951e-5
