0.0004468386766387195
9.105909394054878e-5
5.823647103658536e-5
4.515231993140244e-5
3.83056640625e-5
3.295779344512195e-5
3.013231230945122e-5
2.8015434451219512e-5
2.633622332317073e-5
2.493509432164634e-5
2.350419207317073e-5
2.2200719321646343e-5
2.1286085175304878e-5
2.0341082317073172e-5
1.9665825076219513e-5
1.898044493140244e-5
1.845524485518293e-5
1.812893006859756e-5
1.7653153582317073e-5
1.734648913871951e-5
1.7038633765243903e-5
1.702731993140244e-5
1.6535465891768293e-5
1.627167492378049e-5
1.608231707317073e-5
1.5875095274390244e-5
1.582864900914634e-5
1.5609517911585365e-5
1.5477920160060974e-5
1.538205030487805e-5
