0.0005636379334984756
0.00022898723323170733
0.00014524223513719513
0.0001020751953125
8.064560308689024e-5
6.640684546493903e-5
5.453327458079268e-5
4.6471274771341465e-5
4.054103944359756e-5
3.665622618140244e-5
3.281905011432927e-5
2.9997141768292683e-5
2.8444169207317073e-5
2.607302782012195e-5
2.4854111089939025e-5
2.37328506097561e-5
2.1689214939024392e-5
2.0768626143292683e-5
1.972001238567073e-5
1.9056068978658538e-5
1.8074147294207318e-5
1.7740091463414634e-5
1.6792706745426828e-5
1.6029916158536586e-5
1.5461247141768293e-5
1.5308212652439023e-5
1.4707388528963415e-5
1.4367378048780487e-5
1.387671493902439e-5
1.340867949695122e-5
