0.004718982826791158
0.0006340153391768292
0.00037138969607469513
0.0002548917444740854
0.0001864448361280488
0.00014609672732469512
0.00012278903868140245
0.00010442073170731707
9.006704935213415e-5
7.977146055640244e-5
7.247582412347561e-5
6.723037347560975e-5
6.202362804878049e-5
5.720750762195122e-5
5.352098418445122e-5
4.949683212652439e-5
4.5723966272865855e-5
4.347787252286585e-5
4.2079720846036583e-5
4.0500547827743905e-5
3.799959508384146e-5
3.70093368902439e-5
3.6115544016768295e-5
3.452684355945122e-5
3.321562976371951e-5
3.2627310403963415e-5
3.129525533536585e-5
3.0497927782012196e-5
3.0110280106707317e-5
2.8434046303353657e-5
