0.001325808641387195
0.0002488013290777439
0.00015024711794969512
0.00011152462842987805
9.216606326219512e-5
7.944216844512195e-5
7.051376714939024e-5
6.482350419207317e-5
5.9959151105182925e-5
5.643697599085366e-5
5.288979134908536e-5
5.135289634146341e-5
4.956828791920732e-5
4.7994474085365856e-5
4.659513147865854e-5
4.52392578125e-5
4.3926853086890245e-5
4.2569193025914634e-5
4.202612900152439e-5
4.1150795541158534e-5
4.035346798780488e-5
3.919945693597561e-5
3.890589272103659e-5
3.876893578506098e-5
3.8172279916158537e-5
3.784298780487805e-5
3.715403487042683e-5
3.697777724847561e-5
3.669552686737805e-5
3.6586556783536585e-5
