0.06224921875
0.0016343749999999657
0.0007800781250000277
0.0005625000000000213
0.00046132812499999343
0.0003937499999999705
0.00035234375000003926
0.00032578125000004565
0.0003050781250000245
0.00028789062500000906
0.00027460937500001226
0.0002621093750000414
0.0002531249999999652
0.0002429687499999611
0.00023320312499996998
0.0002296874999999643
0.0002242187500000048
0.00021796875000001936
0.00021484375000002665
0.0002097656249999691
0.0002074218750000023
0.00020390624999999662
0.00020156250000002984
0.00019921874999995204
0.00019570312499994635
0.00019374999999999254
0.00019335937499997957
0.0001910156250000128
0.0001898437499999739
0.00018945312499996092
