0.76891640625
0.014684374999999972
0.0017769531250000359
0.0010046875000000455
0.00066523437499999
0.0004894531250000389
0.0003960937500000483
0.00032578125000004565
0.00028007812499997176
0.0002488281250000446
0.00022343749999997886
0.0002054687500000485
0.00018828125000003304
0.000177734375000016
0.00017070312500000462
0.00015781250000002078
0.0001476562500000167
0.00013906249999995346
0.0001320312500000531
0.00012578124999995666
0.00012070312500001013
0.00011523437500005063
0.00011054687500000604
0.00010624999999997442
0.0001031249999999817
9.999999999998899e-5
9.687499999999627e-5
9.414062500001652e-5
9.257812499996465e-5
8.945312499997193e-5
