0.09344492187499998
0.004191406250000029
0.0019124999999999837
0.00133046874999998
0.0010503906250000083
0.0008972656250000322
0.0007960937500000043
0.0007269531250000405
0.0006749999999999812
0.0006363281250000297
0.0006011718749999728
0.0005777343749999719
0.0005636718749999492
0.0005500000000000504
0.000532421875000022
0.0005207031249999661
0.000510156249999949
0.0004984375000000041
0.0004859375000000332
0.0004796875000000478
0.0004714843749999975
0.00046328124999994724
0.00045781249999998774
0.00045429687499998206
0.00044999999999995044
0.00044570312500002984
0.00044218750000002416
0.0004382812500000055
0.0004359375000000387
0.00043242187500003304
