1.0
1.0
0.999999609375
0.998437890625
0.9543484375
0.7828472656250001
0.536770703125
0.32545625
0.187075390625
0.10789726562500002
0.06440937499999999
0.04030468750000005
0.026575000000000015
0.018433593749999977
0.01335234375000005
0.010066796875000006
0.007892968750000007
0.006426562499999955
0.005328125000000017
0.00454257812500003
0.003940625000000031
0.0035035156249999533
0.0031269531249999982
0.0028249999999999664
0.0025820312500000053
0.0023773437499999828
0.0021996093749999668
0.0020570312500000076
0.0019382812499999513
0.0018441406250000458
