0.01919492187500005
0.0027222656249999977
0.0015503906249999533
0.0010621093749999533
0.0007890624999999929
0.0006406249999999503
0.0005308593749999702
0.00044648437499994476
0.00038437499999999236
0.0003449218750000149
0.0003097656249999581
0.0002792968749999458
0.00025898437500004867
0.00024257812499994813
0.0002253906250000437
0.0002164062499999675
0.00020390624999999662
0.0001898437499999739
0.00017929687499995683
0.00017109375000001759
0.00016523437500004512
0.00015898437499994866
0.0001531249999999762
0.00014726562500000373
0.00014374999999999805
0.00013828125000003855
0.00013359374999999396
0.00013007812499998828
0.0001277343750000215
0.00012617187499996962
