0.5277875000000001
0.012412109375000036
0.002909765625000005
0.0016449218749999828
0.0011460937499999657
0.0008808593750000426
0.0007148437499999716
0.0006015624999999858
0.0005195312500000382
0.000455078125000008
0.0004093750000000451
0.0003718750000000215
0.00034023437499997033
0.0003152343750000286
0.000288671875000035
0.00027109375000000657
0.000255468750000043
0.00024218750000004619
0.0002253906250000437
0.00021679687499998046
0.00021015624999998206
0.00019999999999997797
0.0001910156250000128
0.00018515625000004032
0.0001796874999999698
0.00017578124999995115
0.00017148437500003055
0.00016523437500004512
0.00016132812500002647
0.000155468750000054
