1.0
0.99970859375
0.743781640625
0.15308398437500004
0.025317578125000018
0.00593750000000004
0.003219531249999963
0.0023714843750000103
0.0018496093750000053
0.0014937499999999604
0.0012363281249999636
0.0010503906250000083
0.0009109375000000419
0.0008003906250000359
0.0007230468750000218
0.0006593750000000176
0.0005980468749999801
0.000543359375000052
0.0005097656250000471
0.0004761718750000421
0.00044648437499994476
0.00042226562500002895
0.00040234375000003375
0.00038437499999999236
0.0003628906249999453
0.00034648437499995577
0.0003374999999999906
0.000321875000000027
0.0003121093750000359
0.00029999999999996696
