0.01919492187500005
0.0027222656249999977
0.0018824218749999844
0.0011070312500000012
0.00072148437499997
0.0005347656249999888
0.0004269531249999625
0.0003539062499999801
0.0003074218749999913
0.00026914062500005276
0.00023554687500004778
0.0002175781250000064
0.0002019531250000428
0.00018789062500002007
0.00016992187499997868
0.00016328124999998028
0.00015507812500004103
0.00014570312499995186
0.00013554687499994778
0.00012890624999994937
0.00012578124999995666
0.00012109375000002309
0.00011835937500004334
0.00011562499999995257
0.00011210937499994689
0.00011054687500000604
0.00010742187500001332
0.00010546874999994849
0.00010390625000000764
0.00010234374999995577
