0.5441808593749999
0.022151171875000042
0.004705468749999997
0.0028808593750000444
0.0022828124999999533
0.0019218749999999618
0.0016351562499999917
0.0014386718750000194
0.001297656250000001
0.0011906250000000007
0.0011042968750000215
0.001032421874999967
0.0009714843750000535
0.0009261718749999925
0.0008855468749999762
0.000843359375000019
0.0008140625000000457
0.0007902343750000318
0.0007648437499999661
0.0007417968749999782
0.0007160156250000105
0.0006976562499999561
0.0006859375000000112
0.0006703125000000476
0.0006597656250000306
0.0006507812499999543
0.0006417968749999892
0.0006300781250000442
0.0006207031249999551
0.0006148437499999826
