0.0982021755642361	0.07909952799479167	0.05928683810763889	0.04179265679253472	0.027344151814778644
0.081390380859375	0.05527275933159722	0.03151048448350694	0.014767796495225695	0.005684405585394965
0.07088555230034722	0.03968438042534722	0.015942857530381944	0.004483336046006945	0.000901575927734375
0.063690185546875	0.02932807074652778	0.008452623155381945	0.0014952460394965278	0.00016933485243055555
0.057885064019097224	0.02283867730034722	0.005179172092013889	0.0006655069986979166	5.324171278211806e-5
0.053436279296875	0.018888346354166665	0.003649563259548611	0.00039483642578125	2.7465752495659722e-5
0.05038791232638889	0.016676839192708334	0.0028647189670138887	0.00028659261067708335	1.919643825954861e-5
0.048058403862847224	0.015355088975694445	0.0023881022135416666	0.0002288601345486111	1.5207722981770833e-5
0.046539306640625	0.014343939887152778	0.002098931206597222	0.0001924777560763889	1.2295328776041666e-5
0.045569525824652776	0.013606092664930555	0.0018845621744791666	0.0001637274848090278	9.631890190972222e-6
0.04453870985243055	0.013092041015625	0.001756320529513889	0.00014140760633680555	7.643636067708333e-6
0.04416232638888889	0.012539333767361112	0.0016466606987847222	0.00012450764973958334	6.267564561631945e-6
0.04387071397569445	0.012240261501736112	0.001574367947048611	0.00011266954210069444	5.441080729166667e-6
0.04337904188368055	0.012004258897569444	0.0014995659722222222	0.00010287272135416667	4.811604817708334e-6
0.04307725694444445	0.011797417534722222	0.0014569091796875	9.577907986111111e-5	4.386867947048611e-6
0.04301283094618055	0.011580403645833333	0.001385498046875	8.926459418402778e-5	4.052870008680556e-6
0.04272800021701389	0.011518690321180556	0.0013535563151041666	8.488091362847222e-5	3.802151150173611e-6
0.04232449001736111	0.011299641927083333	0.0013270399305555555	8.03249782986111e-5	3.560791015625e-6
0.042215983072916664	0.011164008246527777	0.0013151041666666667	7.672390407986111e-5	3.293796115451389e-6
0.042043050130208336	0.011065673828125	0.0012776014539930556	7.331271701388889e-5	3.054267035590278e-6
0.042260064019097224	0.010968695746527778	0.0012404378255208334	7.062445746527778e-5	2.7989366319444443e-6
0.042168511284722224	0.01099582248263889	0.001214328342013889	6.826714409722222e-5	2.615966796875e-6
0.041707356770833336	0.01094089084201389	0.001161770290798611	6.586371527777778e-5	2.475246853298611e-6
0.04146999782986111	0.010835774739583333	0.0011475287543402778	6.333143446180556e-5	2.3406304253472223e-6
0.041375054253472224	0.01068115234375	0.001116943359375	6.11572265625e-5	2.2334120008680554e-6
0.04150051540798611	0.010597059461805556	0.001103244357638889	5.9063042534722225e-5	2.160305447048611e-6
0.041449652777777776	0.010544840494791667	0.0010931396484375	5.877414279513889e-5	2.1164957682291668e-6
0.04119533962673611	0.010501437717013888	0.0010698106553819445	5.773247612847222e-5	2.0739067925347224e-6
0.041388617621527776	0.010304090711805556	0.0010541449652777778	5.6315104166666665e-5	1.9563123914930557e-6
0.041229248046875	0.010318332248263888	0.0010542127821180556	5.420871310763889e-5	1.8941243489583333e-6
