0.1061367458767361	0.08962198893229166	0.0726290554470486	0.056927678765190975	0.0428521285671658
0.09303453233506945	0.07254231770833333	0.052406684027777775	0.035051131184895834	0.021322066175672744
0.08439466688368055	0.06063503689236111	0.038052842881944444	0.02070047878689236	0.009490003797743056
0.0782504611545139	0.05100233289930556	0.027234971788194444	0.01154730224609375	0.003773246324327257
0.0731235080295139	0.043212212456597225	0.01926296657986111	0.0062210856119791665	0.0014132516140407986
0.06836954752604167	0.03673570421006944	0.013674180772569445	0.00337000732421875	0.0005389442274305556
0.0645412868923611	0.031409369574652776	0.009894476996527778	0.0019151136610243056	0.00022522725423177083
0.061469184027777776	0.02733222113715278	0.007418619791666667	0.00117371826171875	0.00010864664713541667
0.058746337890625	0.024126519097222222	0.005805324978298611	0.0007834228515625	6.152825249565973e-5
0.056447347005208336	0.02164645724826389	0.004720052083333333	0.0005710286458333333	4.0426771375868056e-5
0.05434841579861111	0.019700792100694444	0.004004855685763889	0.00044713406032986113	3.0005018446180555e-5
0.052490234375	0.01853298611111111	0.0034912787543402777	0.0003700046115451389	2.4460177951388887e-5
0.051001654730902776	0.017424180772569443	0.0031270345052083334	0.00031951768663194446	2.126132541232639e-5
0.04995388454861111	0.016526285807291666	0.002869330512152778	0.0002860826280381944	1.90869140625e-5
0.048817952473958336	0.015913899739583334	0.0026304796006944445	0.00026009385850694444	1.741767035590278e-5
0.047932942708333336	0.015298122829861111	0.0024665662977430554	0.00023794759114583334	1.5832044813368057e-5
0.04734632703993055	0.014870876736111111	0.0023239474826388887	0.0002190768771701389	1.42254638671875e-5
0.047047932942708336	0.014442274305555556	0.0022014024522569444	0.00020117323133680555	1.2601725260416666e-5
0.04649183485243055	0.014019097222222223	0.002102118598090278	0.0001860622829861111	1.0990261501736111e-5
0.045949300130208336	0.013674587673611112	0.0020160590277777776	0.00017211778428819445	9.622667100694445e-6
0.04571533203125	0.013538275824652777	0.0019393581814236111	0.00016008165147569445	8.546006944444444e-6
0.045094807942708336	0.013224962022569444	0.0018685574001736111	0.00015019666883680556	7.683783637152778e-6
0.045003255208333336	0.013079155815972222	0.0018038601345486112	0.0001414767795138889	6.997205946180556e-6
0.04479641384548611	0.012928602430555556	0.0017426215277777778	0.00013420681423611112	6.524251302083334e-6
0.044423421223958336	0.0127197265625	0.0016942681206597223	0.00012783203125	6.1962212456597226e-6
0.044030083550347224	0.012595621744791667	0.0016471354166666668	0.00012281901041666667	6.012641059027777e-6
0.043921576605902776	0.01247219509548611	0.0016118028428819444	0.00011867268880208333	5.9269883897569445e-6
0.043741861979166664	0.012336561414930556	0.0015907796223958333	0.00011604139539930555	5.8355712890625e-6
0.04358249240451389	0.01224704318576389	0.0015598551432291668	0.00011342637803819444	5.768771701388889e-6
0.043629964192708336	0.012124294704861111	0.0015424940321180556	0.000110888671875	5.691596137152778e-6
