0.061408148871527776	0.02810397677951389	0.009796346028645833	0.003799667697482639	0.0021213736300998262
0.04640028211805555	0.014285617404513888	0.0021385362413194444	0.00023262939453125	4.2421129014756946e-5
0.04271104600694445	0.012013753255208334	0.0014565022786458333	0.00012284478081597223	1.5046929253472222e-5
0.041483561197916664	0.010951063368055555	0.0011844211154513889	7.408718532986111e-5	3.5736762152777777e-6
0.04120212131076389	0.010209825303819444	0.0009639485677083333	5.530734592013889e-5	2.251519097222222e-6
0.040456136067708336	0.009823947482638888	0.0008794487847222222	4.4449869791666664e-5	1.5536838107638888e-6
0.040242513020833336	0.00957302517361111	0.0008364529079861111	3.8385687934027776e-5	1.2040201822916667e-6
0.040120442708333336	0.009303792317708334	0.0007724338107638889	3.3406575520833334e-5	1.0184733072916666e-6
0.039971245659722224	0.009046766493055556	0.0007278781467013889	3.0463324652777778e-5	9.235975477430556e-7
0.03976779513888889	0.008905029296875	0.0007134331597222222	2.7118598090277777e-5	8.006456163194445e-7
0.03971693250868055	0.008889431423611111	0.0006835259331597222	2.5717502170138888e-5	7.394070095486111e-7
0.03954739040798611	0.008871799045138889	0.0006755913628472222	2.3670789930555556e-5	6.913926866319445e-7
0.039374457465277776	0.008839925130208334	0.0006492106119791667	2.3084852430555556e-5	6.261528862847222e-7
0.03988986545138889	0.008858235677083333	0.0006345621744791667	2.170681423611111e-5	5.990261501736111e-7
0.039649115668402776	0.008757188585069445	0.0006372748480902778	2.1019151475694445e-5	5.508083767361111e-7
0.039398193359375	0.008754475911458334	0.0006207275390625	1.9992404513888888e-5	5.116780598958333e-7
0.039235432942708336	0.008677842881944444	0.0006220838758680555	1.932373046875e-5	5.082194010416666e-7
0.039093017578125	0.008578830295138888	0.0005882432725694445	1.856689453125e-5	4.89501953125e-7
0.039052327473958336	0.008530680338541667	0.0005916341145833333	1.8108452690972222e-5	4.753960503472222e-7
0.03892686631944445	0.008524576822916666	0.0005700005425347222	1.7683919270833334e-5	4.5878092447916664e-7
0.038869222005208336	0.008379448784722222	0.0005748155381944444	1.723090277777778e-5	4.5301649305555557e-7
0.03917100694444445	0.008487955729166666	0.0005590142144097222	1.6716851128472223e-5	4.4847276475694444e-7
0.03916761610243055	0.008454725477430555	0.0005522325303819445	1.6289605034722223e-5	4.2697482638888887e-7
0.039147271050347224	0.008420817057291667	0.0005575900607638889	1.600613064236111e-5	4.3891059027777776e-7
0.039099799262152776	0.008318413628472222	0.0005396185980902778	1.5504286024305554e-5	4.358588324652778e-7
0.039113362630208336	0.008405897352430556	0.000523681640625	1.5138075086805556e-5	4.2928059895833333e-7
0.03887600368923611	0.008385552300347222	0.0005246988932291666	1.5006510416666667e-5	4.0506998697916666e-7
0.03901841905381945	0.008237711588541667	0.0005195448133680556	1.4991590711805555e-5	3.988308376736111e-7
0.038597954644097224	0.008292643229166667	0.0005209011501736111	1.4836968315972222e-5	4.0812174479166664e-7
0.03880140516493055	0.008343505859375	0.0005165608723958333	1.402587890625e-5	3.921847873263889e-7
