0.06599934895833333	0.03094753689236111	0.009254692925347223	0.0020829060872395834	0.0005248568386501736
0.049296061197916664	0.014766438802083334	0.0022451443142361112	0.00021091986762152777	1.8116387261284724e-5
0.044199625651041664	0.011785888671875	0.0015436469184027777	0.00012137044270833333	8.059285481770834e-6
0.042792426215277776	0.010805257161458333	0.001218600802951389	8.272298177083333e-5	4.2062717013888885e-6
0.04185655381944445	0.0099365234375	0.0010612657335069445	6.343044704861111e-5	2.560492621527778e-6
0.04105970594618055	0.009647623697916666	0.000965576171875	4.955512152777778e-5	1.8756103515625e-6
0.04072401258680555	0.009501139322916666	0.0008768717447916667	4.302842881944445e-5	1.4936659071180555e-6
0.040306939019097224	0.009305148654513888	0.0008247884114583334	3.754475911458333e-5	1.1967637803819443e-6
0.04019504123263889	0.00914577907986111	0.0007767062717013889	3.425971137152778e-5	1.0434299045138888e-6
0.04012722439236111	0.009107123480902778	0.0007645670572916667	3.026665581597222e-5	9.131537543402778e-7
0.039774576822916664	0.009035915798611112	0.0007147216796875	2.8142632378472222e-5	8.282470703125e-7
0.03984239366319445	0.008818223741319445	0.0007111273871527778	2.5906032986111112e-5	7.413058810763889e-7
0.040015326605902776	0.008793809678819445	0.0006885443793402777	2.470703125e-5	6.867133246527778e-7
0.03982204861111111	0.008697509765625	0.0006650797526041667	2.3824055989583332e-5	6.349012586805556e-7
0.039801703559027776	0.008634440104166667	0.0006574842664930556	2.2281901041666666e-5	6.101481119791666e-7
0.039967854817708336	0.008635118272569445	0.0006436496310763889	2.1397569444444444e-5	6.075710720486111e-7
0.039906819661458336	0.008589680989583333	0.0006322564019097222	2.0758734809027776e-5	5.925157335069444e-7
0.04016452365451389	0.008612060546875	0.0006380886501736111	2.0099555121527778e-5	5.607774522569444e-7
0.03973049587673611	0.008616129557291666	0.0006149631076388889	1.936984592013889e-5	5.6396484375e-7
0.039794921875	0.008538140190972222	0.0006134033203125	1.9022623697916665e-5	5.314127604166666e-7
0.039893256293402776	0.00850490993923611	0.0006182183159722223	1.8473307291666665e-5	5.207655164930556e-7
0.03975084092881945	0.008436414930555556	0.0006090630425347222	1.790771484375e-5	5.234781901041667e-7
0.03980848524305555	0.008448621961805555	0.0005990939670138889	1.77490234375e-5	4.966227213541667e-7
0.03992038302951389	0.008348253038194444	0.0006022813585069445	1.7625596788194446e-5	4.930962456597222e-7
0.03972032335069445	0.008364529079861112	0.00058837890625	1.6952853732638888e-5	4.860432942708333e-7
0.039560953776041664	0.008335367838541666	0.0005980088975694445	1.6802300347222224e-5	4.91943359375e-7
0.039666069878472224	0.00826416015625	0.0005845811631944444	1.593695746527778e-5	4.7526041666666666e-7
0.039757622612847224	0.008277045355902778	0.0005815972222222222	1.6465928819444445e-5	4.5932345920138887e-7
0.039530436197916664	0.008269585503472222	0.0005754258897569444	1.5677897135416668e-5	4.663764105902778e-7
0.039510091145833336	0.008168538411458334	0.0005640326605902778	1.5699598524305557e-5	4.657660590277778e-7
