0.06676228841145833	0.033858235677083334	0.012367824978298612	0.004028614637586805	0.0015043070475260416
0.050394694010416664	0.01611599392361111	0.0027589925130208333	0.0003550618489583333	4.70391845703125e-5
0.045298258463541664	0.01261325412326389	0.0017757161458333334	0.00018408338758680557	1.9599609375e-5
0.043145073784722224	0.011429850260416667	0.001361423068576389	0.00012501627604166667	1.1622382269965279e-5
0.042104085286458336	0.010758463541666667	0.0011532253689236112	9.337022569444444e-5	8.587782118055556e-6
0.041846381293402776	0.010099283854166667	0.0010436333550347223	7.647705078125e-5	7.300957573784722e-6
0.04087660047743055	0.009739176432291666	0.0009531656901041667	6.597357855902778e-5	6.545884874131944e-6
0.0404052734375	0.009553358289930555	0.0008991834852430556	5.9532335069444445e-5	6.118503146701389e-6
0.040089925130208336	0.00935397677951389	0.0008393690321180556	5.4121907552083336e-5	5.838962131076389e-6
0.04002549913194445	0.009442138671875	0.0008072916666666667	5.108506944444445e-5	5.647379557291666e-6
0.03992038302951389	0.009229193793402778	0.0007851155598958333	4.788682725694445e-5	5.5301242404513886e-6
0.039988199869791664	0.00923122829861111	0.0007803683810763889	4.622395833333333e-5	5.416937934027778e-6
0.03980848524305555	0.009120686848958334	0.0007719590928819444	4.435221354166667e-5	5.3609890407986115e-6
0.039710150824652776	0.008978949652777778	0.0007210964626736111	4.2510308159722225e-5	5.236138237847222e-6
0.039557562934027776	0.008949788411458333	0.0007050238715277778	4.0828450520833336e-5	5.223727756076389e-6
0.039418538411458336	0.008892822265625	0.0006863742404513888	3.9375813802083334e-5	5.201416015625e-6
0.03927951388888889	0.008900960286458334	0.0006852891710069444	3.9617241753472225e-5	5.168592664930556e-6
0.03941175672743055	0.008833821614583333	0.0006614854600694444	3.877766927083333e-5	5.157470703125e-6
0.03932020399305555	0.00883449978298611	0.0006590440538194445	3.7726508246527774e-5	5.116034613715278e-6
0.039082845052083336	0.008820936414930555	0.0006548394097222222	3.693305121527778e-5	5.085991753472222e-6
0.03910997178819445	0.008758544921875	0.0006454128689236111	3.6572265625e-5	5.104166666666667e-6
0.03921169704861111	0.008726671006944445	0.0006345621744791667	3.638916015625e-5	5.070326063368056e-6
0.039072672526041664	0.008684624565972222	0.0006334092881944445	3.591715494791667e-5	5.051947699652778e-6
0.039025200737847224	0.008652750651041667	0.0006322564019097222	3.540852864583333e-5	5.036078559027777e-6
0.039021809895833336	0.008767361111111111	0.0006279161241319445	3.498806423611111e-5	5.0665283203125e-6
0.03884548611111111	0.008763292100694445	0.0006380208333333333	3.5065375434027776e-5	5.038723415798611e-6
0.038733588324652776	0.008661566840277777	0.000626220703125	3.4475368923611113e-5	5.047064887152778e-6
0.03879123263888889	0.008656819661458334	0.0006115044487847222	3.4033203125e-5	5.052015516493055e-6
0.038658989800347224	0.008680555555555556	0.0006096733940972222	3.385009765625e-5	5.0159369574652776e-6
0.038645426432291664	0.008576117621527778	0.0006081136067708333	3.364529079861111e-5	5.008002387152778e-6
