0.0860019259982639	0.06539781358506945	0.04844102647569445	0.036803807237413194	0.028894300130208335
0.06768120659722222	0.036820475260416666	0.017798326280381943	0.009378974066840278	0.005927005479600694
0.05597262912326389	0.022151692708333334	0.005831705729166667	0.0014845079210069445	0.0005931136745876736
0.049601236979166664	0.016633436414930557	0.002934163411458333	0.0004375678168402778	0.00010721035427517361
0.04640028211805555	0.014214409722222222	0.0021800401475694444	0.00026778428819444446	4.972913953993056e-5
0.04398939344618055	0.012879096137152778	0.0017918565538194444	0.00019197455512152777	2.7298990885416665e-5
0.043365478515625	0.012289767795138889	0.0015254041883680555	0.0001409817165798611	1.1175062391493055e-5
0.04304673936631945	0.011649576822916667	0.001321682400173611	0.0001089328342013889	6.7588297526041665e-6
0.042287190755208336	0.011290825737847222	0.0011984592013888889	8.770887586805555e-5	4.944118923611111e-6
0.041893853081597224	0.010894775390625	0.0010839165581597223	7.246636284722222e-5	3.806084526909722e-6
0.041571723090277776	0.010565185546875	0.0009973822699652778	6.389024522569445e-5	3.1195068359375e-6
0.04159884982638889	0.010278998480902777	0.0009589979383680555	5.669623480902778e-5	2.571139865451389e-6
0.040839301215277776	0.010092502170138889	0.0009328206380208333	5.2921549479166666e-5	2.2224934895833333e-6
0.04046291775173611	0.009817843967013889	0.0008724636501736111	4.743787977430556e-5	1.9479031032986112e-6
0.04030015733506945	0.009620496961805556	0.0008500162760416666	4.541151258680556e-5	1.7302788628472222e-6
0.040140787760416664	0.009469265407986111	0.0008344862196180556	4.241400824652778e-5	1.6006808810763888e-6
0.039886474609375	0.009345838758680556	0.0007961697048611111	3.8701714409722224e-5	1.4891221788194445e-6
0.039906819661458336	0.009385850694444444	0.0007842339409722222	3.673095703125e-5	1.3536241319444445e-6
0.03959486219618055	0.009279378255208333	0.0007674153645833334	3.48876953125e-5	1.2738715277777778e-6
0.03947279188368055	0.009320746527777778	0.0007423909505208334	3.245849609375e-5	1.243896484375e-6
0.03947618272569445	0.009250895182291666	0.0007377115885416666	3.138020833333333e-5	1.1467827690972223e-6
0.039591471354166664	0.0092529296875	0.0007281494140625	3.037109375e-5	1.0944959852430555e-6
0.03942532009548611	0.009154595269097222	0.0007190619574652777	2.8987630208333332e-5	1.061130099826389e-6
0.039496527777777776	0.009088134765625	0.0007069227430555556	2.745632595486111e-5	1.0059271918402777e-6
0.03953721788194445	0.009044731987847223	0.0006843397352430555	2.7046712239583333e-5	9.656439887152778e-7
0.03937106662326389	0.009073893229166666	0.0006740315755208333	2.6104058159722223e-5	9.497748480902777e-7
0.03938462999131945	0.009115939670138889	0.0006620958116319444	2.5390625e-5	9.70119900173611e-7
0.03920152452256945	0.009076605902777778	0.0006608072916666666	2.4932183159722223e-5	9.246148003472222e-7
0.03933376736111111	0.008999972873263888	0.0006549072265625	2.4830457899305554e-5	8.953857421875e-7
0.03938123914930555	0.009003363715277778	0.0006532796223958333	2.401123046875e-5	8.785671657986111e-7
