0.05752224392361111	0.02137112087673611	0.004400160047743055	0.00050546875	4.212232801649306e-5
0.047522650824652776	0.01371188693576389	0.0021541341145833335	0.0002018093532986111	1.3922390407986111e-5
0.044525146484375	0.012015787760416667	0.0015620930989583334	0.00012513427734375	7.067599826388889e-6
0.04232449001736111	0.010837131076388888	0.0011611599392361111	8.297526041666666e-5	3.7276204427083334e-6
0.041697184244791664	0.009955512152777778	0.0010112847222222222	5.8119032118055554e-5	2.415500217013889e-6
0.04084608289930555	0.009453667534722222	0.0009033203125	4.5323350694444445e-5	1.690402560763889e-6
0.04039171006944445	0.009086778428819444	0.0008384195963541666	3.8233778211805555e-5	1.2681070963541666e-6
0.039923773871527776	0.008950466579861111	0.0007888454861111111	3.377956814236111e-5	1.0335286458333334e-6
0.039879692925347224	0.008852132161458333	0.0007489013671875	3.0807834201388886e-5	9.186469184027777e-7
0.03961520724826389	0.008698187934027778	0.0007140435112847222	2.8236219618055555e-5	7.907443576388889e-7
0.03941514756944445	0.008549669053819445	0.0006920030381944444	2.647976345486111e-5	7.135687934027777e-7
0.039632161458333336	0.008426920572916666	0.0006888156467013889	2.4815538194444443e-5	6.800672743055555e-7
0.03950330946180555	0.008456081814236112	0.0006749131944444445	2.3833550347222222e-5	6.163194444444445e-7
0.03927951388888889	0.008511691623263888	0.0006427680121527777	2.2330729166666667e-5	6.000434027777778e-7
0.03935411241319445	0.008400472005208333	0.0006384955512152777	2.1034071180555555e-5	5.594889322916667e-7
0.039174397786458336	0.008456081814236112	0.0006323920355902778	1.983371310763889e-5	5.290391710069444e-7
0.03912014431423611	0.008461507161458333	0.0006252712673611111	1.856689453125e-5	5.099826388888889e-7
0.03915066189236111	0.008367919921875	0.0006168619791666667	1.8318684895833332e-5	4.825846354166666e-7
0.038977728949652776	0.008232964409722222	0.0005994330512152778	1.7918565538194444e-5	4.914008246527778e-7
0.03891330295138889	0.008302137586805555	0.0005967203776041667	1.767849392361111e-5	4.619683159722222e-7
0.038899739583333336	0.00828586154513889	0.0005942111545138889	1.728244357638889e-5	4.4942220052083336e-7
0.03883192274305555	0.008284505208333333	0.0005976698133680555	1.6780598958333332e-5	4.343668619791667e-7
0.03888278537326389	0.008265516493055555	0.0005821397569444445	1.649169921875e-5	4.1551378038194446e-7
0.03892347547743055	0.008309597439236111	0.0005811225043402778	1.5972222222222224e-5	4.128011067708333e-7
0.039103190104166664	0.008131239149305556	0.0005884467230902778	1.5780978732638888e-5	4.021538628472222e-7
0.03895738389756945	0.008131917317708333	0.0005695936414930556	1.5993923611111113e-5	3.9842393663194447e-7
0.039069281684027776	0.00819091796875	0.0005779351128472223	1.497802734375e-5	3.9150661892361114e-7
0.038794623480902776	0.008153618706597223	0.000576171875	1.4615885416666666e-5	3.927951388888889e-7
0.038706461588541664	0.008135986328125	0.0005493842230902778	1.4463975694444445e-5	3.830295138888889e-7
0.038642035590277776	0.008216010199652778	0.0005518934461805555	1.4398871527777777e-5	3.792995876736111e-7
