0.994140625	0.898046875	0.5880468750000001	0.28550703125	0.12765953124999996
0.716796875	0.28359375	0.05308593750000001	0.006366406249999956	0.0012503906249999863
0.5390625	0.169921875	0.026406249999999964	0.0024789062500000236	0.00032125000000005066
0.48828125	0.13945312499999996	0.01847656249999996	0.0013773437499999819	8.285156249998593e-5
0.46484375	0.12539062499999998	0.015000000000000013	0.000999218749999975	5.22265625000351e-5
0.453125	0.11757812499999998	0.013203124999999982	0.000787500000000052	3.910156249997687e-5
0.4453125	0.11210937499999996	0.012031250000000049	0.0006515624999999803	3.2617187500028066e-5
0.435546875	0.109375	0.01082031250000004	0.0005671874999999549	2.8046875000020677e-5
0.431640625	0.10664062500000004	0.010195312500000053	0.0005031250000000487	2.457031250002739e-5
0.42578125	0.10546875	0.00968749999999996	0.00044218750000002416	2.281250000002455e-5
0.423828125	0.10468750000000004	0.009335937499999947	0.0004093750000000451	2.093749999998451e-5
0.421875	0.103515625	0.009140625000000013	0.00037343749999996234	1.9687500000031832e-5
0.421875	0.1015625	0.008750000000000036	0.0003593750000000506	1.88281249999811e-5
0.421875	0.10078125000000004	0.008437499999999987	0.0003429687499999501	1.820312500000476e-5
0.421875	0.09921875000000002	0.008242187500000053	0.00032265625000005294	1.7734374999966995e-5
0.421875	0.09843749999999996	0.008007812500000044	0.0003093749999999451	1.7421874999978826e-5
0.421875	0.09804687499999998	0.007968749999999969	0.0002953125000000334	1.7148437500003055e-5
0.421875	0.09648437499999996	0.0078125	0.00028125000000001066	1.6953125000052083e-5
0.421875	0.09609374999999998	0.0077734375000000355	0.00027656249999996607	1.671874999997769e-5
0.421875	0.09609374999999998	0.007656250000000031	0.00027109375000000657	1.664062499995289e-5
0.421875	0.095703125	0.007656250000000031	0.00026484375000002114	1.6250000000050946e-5
0.421875	0.09492187500000004	0.007617187499999956	0.0002593749999999506	1.6250000000050946e-5
0.421875	0.09453124999999996	0.007539062500000027	0.00024999999999997247	1.605468749998895e-5
0.421875	0.09414062499999998	0.007499999999999951	0.00024687499999997975	1.5976562499964153e-5
0.419921875	0.09414062499999998	0.007382812499999947	0.00024374999999998703	1.585937500003798e-5
0.419921875	0.09335937500000002	0.007304687500000018	0.00023906250000005347	1.574218750000078e-5
0.419921875	0.09335937500000002	0.007187500000000013	0.00023593749999994973	1.554687500004981e-5
0.41796875	0.091796875	0.007070312500000009	0.00023125000000001616	1.546875000002501e-5
0.41796875	0.091796875	0.0069531250000000044	0.00023046874999999023	1.5429687500012612e-5
0.41796875	0.091796875	0.0069531250000000044	0.00022812500000002345	1.5390625000000213e-5
