0.99609375	0.942578125	0.759921875	0.4963671875	0.2964899609375
0.74609375	0.33710937500000004	0.076171875	0.013061718749999951	0.0032737890624999766
0.56640625	0.189453125	0.03199218749999999	0.00412578124999996	0.0007923828125000476
0.50390625	0.15234375	0.022734374999999973	0.0021687500000000526	0.0001807812499999839
0.48046875	0.13632812500000002	0.01789062500000005	0.0014289062500000282	9.582031249999456e-5
0.466796875	0.12773437499999996	0.014960937500000049	0.0010734374999999963	6.519531250004373e-5
0.458984375	0.12109375	0.013046875000000013	0.0008617187499999623	4.9687500000006324e-5
0.453125	0.11601562499999996	0.012070312500000013	0.0007242187499999497	4.109375000005411e-5
0.447265625	0.11210937499999996	0.011054687500000049	0.0006289062500000053	3.6015624999996554e-5
0.44140625	0.109375	0.010507812499999991	0.00056640625000004	3.23046875000399e-5
0.4375	0.107421875	0.010078125000000049	0.000510937499999975	2.9921874999949694e-5
0.435546875	0.10703125000000002	0.009726562500000036	0.0004648437499999991	2.7812499999946283e-5
0.43359375	0.10585937499999998	0.009453124999999951	0.00043749999999997957	2.6523437499981206e-5
0.43359375	0.10312500000000002	0.009062499999999973	0.00041328124999995275	2.5312500000040927e-5
0.431640625	0.10273437500000004	0.0087890625	0.00039218750000002967	2.4453124999990195e-5
0.427734375	0.10195312499999998	0.008515625000000027	0.0003742187499999883	2.3945312500051052e-5
0.42578125	0.10078125000000004	0.008437499999999987	0.000355468750000032	2.339843749998849e-5
0.42578125	0.09999999999999998	0.008242187500000053	0.000343749999999976	2.3007812499975522e-5
0.42578125	0.099609375	0.008164062500000013	0.00032890625000003837	2.2656249999974953e-5
0.42578125	0.099609375	0.008007812500000044	0.00031796875000000835	2.246093750002398e-5
0.42578125	0.09882812500000004	0.007851562499999964	0.00030781250000000426	2.2109375000023412e-5
0.42578125	0.09882812500000004	0.0077734375000000355	0.0002953125000000334	2.1679687499998046e-5
0.423828125	0.09804687499999998	0.007578124999999991	0.0002851562500000293	2.152343749994845e-5
0.423828125	0.09765625	0.007539062500000027	0.0002789062500000439	2.1367187500009877e-5
0.421875	0.09765625	0.007460937499999987	0.0002726562499999474	2.1132812500046505e-5
0.421875	0.09726562500000002	0.007304687500000018	0.00026484375000002114	2.097656249999691e-5
0.421875	0.09687500000000004	0.007226562499999978	0.00025781250000000977	2.0859374999959712e-5
0.419921875	0.09648437499999996	0.007148437500000049	0.00025468750000001705	2.0742187500033538e-5
0.419921875	0.09609374999999998	0.007031250000000044	0.00024921874999994653	2.062499999999634e-5
0.419921875	0.09609374999999998	0.0069531250000000044	0.00024374999999998703	2.0585937499983942e-5
