1.0	1.0	1.0	0.9999875	0.999568984375
1.0	0.999609375	0.988203125	0.9137109375	0.6984439453125
1.0	0.958984375	0.7794921875	0.4426140625	0.16048093750000003
0.974609375	0.80390625	0.4387109375	0.14115	0.02615261718749995
0.908203125	0.607421875	0.23195312499999998	0.04757578124999995	0.005562539062500038
0.81640625	0.44257812500000004	0.13164062499999996	0.020303906250000003	0.0018325781250000395
0.744140625	0.34101562500000004	0.08597656249999996	0.010952343749999982	0.0008673437499999714
0.662109375	0.27734375	0.06109374999999995	0.007070312500000009	0.0005250390625000101
0.6171875	0.23359375000000004	0.04628906249999998	0.005096093749999975	0.0003682421874999786
0.580078125	0.21132812499999998	0.03781250000000003	0.003974218750000036	0.0002786718749999695
0.55078125	0.19257812500000004	0.0322265625	0.0032695312499999574	0.00022382812499999183
0.525390625	0.1796875	0.028867187499999947	0.0027664062500000197	0.0001865234375000302
0.5078125	0.17031249999999998	0.025976562500000022	0.0024156250000000323	0.00015714843750003205
0.494140625	0.162109375	0.024062499999999987	0.002142968749999974	0.00013593749999996074
0.48828125	0.15507812499999996	0.022890625000000053	0.00194218749999997	0.00011949218749995882
0.48046875	0.14804687500000002	0.021757812499999973	0.0017710937499999524	0.00010558593749998568
0.4765625	0.14570312500000004	0.02042968749999996	0.001630468749999947	9.492187500004245e-5
0.46875	0.142578125	0.01968749999999997	0.0015062500000000423	8.500000000000174e-5
0.46484375	0.14101562499999998	0.019101562499999947	0.0014070312499999682	7.710937500005066e-5
0.462890625	0.13710937499999998	0.018671875000000004	0.0013296874999999542	7.144531250002917e-5
0.462890625	0.134765625	0.018281250000000027	0.001253124999999966	6.648437500000881e-5
0.4609375	0.1328125	0.017695312500000004	0.0011937499999999934	6.257812499999016e-5
0.45703125	0.13164062499999996	0.017031250000000053	0.0011515625000000362	5.867187499997151e-5
0.45703125	0.13046875000000002	0.0166015625	0.001098437500000049	5.535156250002782e-5
0.455078125	0.12968749999999996	0.016132812499999982	0.0010484375000000545	5.253906250002327e-5
0.455078125	0.12851562500000002	0.015664062499999964	0.0010031249999999936	4.980468750004352e-5
0.453125	0.126953125	0.015234375000000022	0.0009734375000000073	4.761718750001531e-5
0.451171875	0.12539062499999998	0.014960937500000049	0.0009421874999999691	4.589843750002487e-5
0.44921875	0.12460937500000002	0.014687499999999964	0.000921093750000046	4.375000000000906e-5
0.4453125	0.12382812499999996	0.01457031249999996	0.0008937500000000265	4.2070312500031015e-5
