0.8828125	0.505859375	0.1555078125	0.024617968749999997	0.003154531249999981
0.587890625	0.20429687500000004	0.035117187500000036	0.003539843750000049	0.0002661328124999862
0.548828125	0.17070312499999996	0.026874999999999982	0.0024492187500000373	0.00016398437499998142
0.498046875	0.14296874999999998	0.019023437500000018	0.0014617187500000073	8.183593749999662e-5
0.46484375	0.12656250000000002	0.0146484375	0.00096562499999997	5.035156249999506e-5
0.45703125	0.11640625000000004	0.012304687500000022	0.0007234375000000348	3.6562499999948095e-5
0.4375	0.10820312499999996	0.011132812499999978	0.0005789062500000108	2.9023437499997584e-5
0.435546875	0.10507812500000002	0.010312499999999947	0.0004929687500000446	2.4179687500014424e-5
0.4296875	0.10234374999999996	0.009453124999999951	0.00044765624999998366	2.1484375000047073e-5
0.42578125	0.09999999999999998	0.008984375000000044	0.00040781249999999325	1.9687500000031832e-5
0.423828125	0.09882812500000004	0.008671874999999996	0.0003750000000000142	1.8710937500054925e-5
0.421875	0.09804687499999998	0.008515625000000027	0.00035234375000003926	1.7539062500016023e-5
0.419921875	0.09726562500000002	0.008164062500000013	0.00033437499999999787	1.7070312499978257e-5
0.41796875	0.09687500000000004	0.008085937499999973	0.00031796875000000835	1.6523437500026716e-5
0.416015625	0.095703125	0.007929687500000004	0.0002976562500000002	1.6171875000026148e-5
0.4140625	0.09531250000000002	0.0078125	0.0002828124999999515	1.5585937499951186e-5
0.4140625	0.09492187500000004	0.0076953124999999956	0.0002687500000000398	1.5273437499963016e-5
0.412109375	0.09414062499999998	0.007539062500000027	0.00026015624999997655	1.4960937499974847e-5
0.412109375	0.09414062499999998	0.007304687500000018	0.0002507812499999984	1.4765625000023874e-5
0.412109375	0.09296875000000004	0.007265625000000053	0.00024453125000001297	1.453124999994948e-5
0.412109375	0.09296875000000004	0.007226562499999978	0.00024062499999999432	1.4414062500023306e-5
0.408203125	0.09296875000000004	0.007148437500000049	0.00023359374999998295	1.4179687499948912e-5
0.408203125	0.09257812499999996	0.007148437500000049	0.00022890625000004938	1.394531249998554e-5
0.408203125	0.091796875	0.007031250000000044	0.00022656249999997158	1.3710937500022169e-5
0.408203125	0.091796875	0.0069531250000000044	0.00022109375000001208	1.3710937500022169e-5
0.408203125	0.091796875	0.0069531250000000044	0.0002195312499999602	1.367187500000977e-5
0.408203125	0.09101562500000004	0.0068749999999999645	0.000210937500000008	1.3515624999960174e-5
0.40625	0.09101562500000004	0.0068749999999999645	0.0002085937500000412	1.33593750000216e-5
0.40625	0.09101562500000004	0.00675781249999996	0.0002054687500000485	1.33593750000216e-5
0.40625	0.09101562500000004	0.0067187499999999956	0.00020234374999994476	1.33593750000216e-5
