0.99609375	0.95234375	0.774609375	0.5269703125	0.32900757812500003
0.744140625	0.35	0.08628906250000001	0.016159374999999976	0.004586171874999989
0.580078125	0.19765624999999998	0.03449218750000005	0.00489375000000003	0.0010525390625000242
0.513671875	0.15664062499999998	0.0234375	0.0025367187500000554	0.00030332031250002167
0.486328125	0.140625	0.01839843750000003	0.001764062500000052	0.00021046874999997023
0.46875	0.126953125	0.016054687500000053	0.00141953125000005	0.00018101562499994728
0.451171875	0.11992187499999996	0.014296874999999987	0.0012124999999999497	0.0001643749999999944
0.443359375	0.11562499999999998	0.013085937499999978	0.0010742187500000222	0.00015570312500001737
0.43359375	0.111328125	0.011992187499999973	0.0009796874999999927	0.00015062499999995982
0.4296875	0.109375	0.011289062499999947	0.0009046874999999455	0.00014722656249999133
0.42578125	0.10820312499999996	0.01082031250000004	0.0008562500000000028	0.00014449218750001158
0.42578125	0.10703125000000002	0.010546874999999956	0.0008203125000000311	0.0001429296874999597
0.42578125	0.10546875	0.010234375000000018	0.0007937500000000375	0.00014167968750000703
0.42578125	0.10390624999999998	0.010000000000000009	0.000765624999999992	0.0001400781250000538
0.423828125	0.10312500000000002	0.009765625	0.0007460937500000098	0.00013898437500003968
0.421875	0.10234374999999996	0.009531249999999991	0.0007304687500000462	0.00013847656249998952
0.41796875	0.10117187500000002	0.009335937499999947	0.0007140624999999456	0.00013796875000005038
0.416015625	0.10117187500000002	0.009101562500000049	0.0007054687499999934	0.000137539062500025
0.416015625	0.10039062499999996	0.008984375000000044	0.0006945312499999634	0.00013734374999996302
0.412109375	0.09921875000000002	0.008828124999999964	0.0006867187500000371	0.00013699218749996245
0.412109375	0.09882812500000004	0.008632812500000031	0.0006781249999999739	0.00013675781249999908
0.412109375	0.09882812500000004	0.008515625000000027	0.0006679687499999698	0.00013660156249994948
0.412109375	0.09726562500000002	0.008515625000000027	0.0006640624999999512	0.0001363281249999737
0.412109375	0.09726562500000002	0.008476562499999951	0.0006601562500000435	0.00013617187500003514
0.412109375	0.09726562500000002	0.008437499999999987	0.0006507812499999543	0.00013613281250002274
0.41015625	0.09687500000000004	0.008359374999999947	0.0006445312499999689	0.00013605468749999794
0.408203125	0.09687500000000004	0.008281250000000018	0.0006398437500000353	0.00013593749999996074
0.408203125	0.09648437499999996	0.008281250000000018	0.0006359375000000167	0.00013589843749994834
0.408203125	0.09648437499999996	0.008281250000000018	0.000632812500000024	0.00013578125000002217
0.40625	0.09609374999999998	0.008242187500000053	0.0006312499999999721	0.00013574218750000977
