0.9921875	0.9	0.5530859375	0.19577187500000004	0.042793789062499976
0.78125	0.3359375	0.06453125000000004	0.005923437500000017	0.0003674609374999527
0.603515625	0.19609374999999996	0.02765625000000005	0.0022937499999999833	0.0001352343749999596
0.51171875	0.15507812499999996	0.020039062499999982	0.0015374999999999694	9.085937499997421e-5
0.478515625	0.138671875	0.0166015625	0.0011898437499999748	6.804687499994966e-5
0.45703125	0.130859375	0.014531249999999996	0.0009617187499999513	4.999999999999449e-5
0.44140625	0.12148437499999998	0.013125000000000053	0.0008000000000000229	3.9687500000051834e-5
0.435546875	0.11640625000000004	0.012265624999999947	0.0007000000000000339	3.312499999996721e-5
0.427734375	0.11171874999999998	0.011406249999999951	0.0006171874999999494	2.828124999998405e-5
0.42578125	0.10820312499999996	0.010937500000000044	0.0005445312499999799	2.515624999999133e-5
0.42578125	0.10585937499999998	0.010507812499999991	0.0004937499999999595	2.3164062500025118e-5
0.42578125	0.10507812500000002	0.010117187500000013	0.00045546875000002096	2.121093749996028e-5
0.421875	0.103515625	0.009765625	0.0004304687499999682	1.9882812499982805e-5
0.421875	0.10273437500000004	0.009414062499999987	0.00039921875000004103	1.8632812500030127e-5
0.421875	0.10234374999999996	0.009101562500000049	0.00037343749999996234	1.7695312499954596e-5
0.419921875	0.10195312499999998	0.00886718750000004	0.00035234375000003926	1.6875000000027285e-5
0.41796875	0.10195312499999998	0.00871093749999996	0.00033437499999999787	1.5898437500050377e-5
0.41796875	0.10039062499999996	0.008515625000000027	0.000321875000000027	1.5429687500012612e-5
0.41796875	0.099609375	0.008320312499999982	0.0003085937500000302	1.453124999994948e-5
0.41796875	0.09765625	0.008281250000000018	0.0002976562500000002	1.4023437500010338e-5
0.41796875	0.09726562500000002	0.008203124999999978	0.00028593750000005524	1.367187500000977e-5
0.41796875	0.09726562500000002	0.008007812500000044	0.00027812500000001794	1.33593750000216e-5
0.41796875	0.09687500000000004	0.0078125	0.00027031249999998064	1.3124999999947207e-5
0.4140625	0.09687500000000004	0.0078125	0.0002640624999999952	1.2890624999983835e-5
0.4140625	0.09648437499999996	0.0077734375000000355	0.0002507812499999984	1.2617187500008065e-5
0.412109375	0.09609374999999998	0.0077734375000000355	0.00024140625000002025	1.2382812500044693e-5
0.41015625	0.09531250000000002	0.00773437499999996	0.00023828125000002753	1.2304687500019895e-5
0.40625	0.09492187500000004	0.007656250000000031	0.00023359374999998295	1.21484374999703e-5
0.40625	0.09492187500000004	0.007578124999999991	0.00023046874999999023	1.1953125000019327e-5
0.40625	0.09453124999999996	0.007499999999999951	0.0002242187500000048	1.183593749998213e-5
