0.0019190326286764707
0.00017682329963235294
8.74069393382353e-5
6.255629595588235e-5
4.8156020220588236e-5
3.992532169117647e-5
3.372931985294118e-5
2.9196920955882352e-5
2.6451056985294116e-5
2.4533547794117647e-5
2.2621783088235294e-5
2.168887867647059e-5
1.9931066176470587e-5
1.8671875e-5
1.7892922794117647e-5
1.710363051470588e-5
1.654641544117647e-5
1.595703125e-5
1.5121783088235293e-5
1.5026424632352941e-5
1.457720588235294e-5
1.4159007352941177e-5
1.3807444852941176e-5
1.3701746323529412e-5
1.3169806985294117e-5
1.2883731617647058e-5
1.2403492647058823e-5
1.2157628676470588e-5
1.2204733455882354e-5
1.1648667279411765e-5
