0.005693803998161765
0.00029975413602941175
9.794232536764706e-5
5.821920955882353e-5
4.126034007352941e-5
3.312959558823529e-5
2.926125919117647e-5
2.533547794117647e-5
2.2157628676470587e-5
2.014246323529412e-5
1.8328354779411766e-5
1.7483915441176472e-5
1.5174632352941176e-5
1.5090762867647058e-5
1.4741498161764706e-5
1.3813189338235294e-5
1.3074448529411765e-5
1.23828125e-5
1.2347196691176471e-5
1.2163373161764706e-5
1.1764705882352942e-5
1.16015625e-5
1.10546875e-5
1.0737591911764705e-5
1.0167738970588235e-5
1.0438878676470589e-5
1.0028722426470589e-5
1.0342371323529411e-5
1.019875919117647e-5
9.901194852941176e-6
