0.07485650390625
0.05307501608455882
0.03409617532169117
0.021209347426470588
0.01228756778492647
0.006816864659926471
0.0037509685202205883
0.002128806295955882
0.0012716636029411765
0.0008122702205882353
0.0005534133731617647
0.0004033708639705882
0.00031016773897058825
0.00025095128676470586
0.00021161075367647059
0.00018353515625
0.00016273552389705883
0.00014548943014705882
0.00013105124080882354
0.00011867991727941176
0.00010770220588235295
9.785041360294118e-5
8.988625919117647e-5
8.335707720588235e-5
7.796760110294118e-5
7.326746323529412e-5
6.954733455882353e-5
6.678768382352941e-5
6.446116727941176e-5
6.237362132352942e-5
