0.003200083869485294
0.00027224954044117647
0.0001343704044117647
8.884420955882353e-5
6.529986213235295e-5
5.1446461397058826e-5
4.307674632352941e-5
3.7218520220588234e-5
3.350873161764706e-5
2.9865579044117647e-5
2.830767463235294e-5
2.5750229779411765e-5
2.4559972426470588e-5
2.2707950367647058e-5
2.136374080882353e-5
1.9708180147058822e-5
1.8949908088235295e-5
1.8126148897058822e-5
1.7849264705882354e-5
1.7162224264705882e-5
1.6006433823529413e-5
1.6089154411764707e-5
1.5064338235294118e-5
1.489889705882353e-5
1.4399126838235294e-5
1.3676470588235295e-5
1.3856847426470589e-5
1.352826286764706e-5
1.4056755514705882e-5
1.3662683823529412e-5
