0.00040027573529411765
0.0001255078125
8.357881433823529e-5
5.477826286764706e-5
4.098345588235294e-5
3.322035845588235e-5
2.7771139705882353e-5
2.435891544117647e-5
2.1997931985294118e-5
2.009765625e-5
1.8221507352941178e-5
1.7302389705882352e-5
1.553079044117647e-5
1.4963235294117647e-5
1.4392233455882352e-5
1.373391544117647e-5
1.328469669117647e-5
1.2630974264705882e-5
1.2289751838235294e-5
1.21484375e-5
1.1981847426470589e-5
1.1215533088235295e-5
1.111672794117647e-5
1.08984375e-5
1.0690487132352942e-5
1.07421875e-5
1.0727251838235295e-5
1.0421645220588235e-5
9.834558823529412e-6
1.0500919117647059e-5
