0.524915625
0.019703125000000044
0.004173437499999988
0.002162499999999956
0.001508593750000009
0.0011703124999999925
0.0009664062499999959
0.0008304687500000352
0.0007382812499999725
0.0006726562500000144
0.0006203125000000531
0.0005804687499999517
0.0005476562499999726
0.0005187500000000123
0.0004984375000000041
0.00047578125000002913
0.000454687499999995
0.00043124999999999414
0.00041875000000002327
0.00040781249999999325
0.0003953125000000224
0.00038593750000004423
0.00037343749999996234
0.00036796875000000284
0.0003593750000000506
0.0003539062499999801
0.00034765624999999467
0.00034453125000000195
0.0003406249999999833
0.000332812499999946
