0.03569687499999996
0.0033250000000000224
0.00189687500000002
0.0013445312500000028
0.0010367187499999986
0.0008695312499999996
0.0007484374999999766
0.0006562500000000249
0.0005929687500000336
0.0005382812499999945
0.0005093750000000341
0.00047890625000002185
0.0004562500000000469
0.00043749999999997957
0.000421875000000016
0.0004062500000000524
0.0003929687499999446
0.00038437499999999236
0.0003742187499999883
0.0003593750000000506
0.0003484375000000206
0.000343749999999976
0.00033437499999999787
0.00032812500000001243
0.000321875000000027
0.0003171874999999824
0.00031328124999996376
0.00031015624999997105
0.0003093749999999451
0.00030156250000001883
