0.56876640625
0.02559765624999999
0.005235937499999954
0.0026374999999999593
0.0019000000000000128
0.0015523437500000181
0.001343749999999977
0.0012156250000000535
0.0011289062499999503
0.001066406249999985
0.0010164062499999904
0.000986718750000004
0.000954687500000051
0.0009281249999999464
0.0009046874999999455
0.0008867187500000151
0.0008695312499999996
0.0008554687499999769
0.0008468750000000247
0.0008359374999999947
0.0008296875000000092
0.0008265625000000165
0.0008187499999999792
0.0008132812500000197
0.0008070312500000343
0.0008039062500000416
0.0008015624999999638
0.0007976562499999451
0.0007937500000000375
0.0007906250000000448
