0.0027825419108072915
4.732564290364583e-5
1.4344075520833333e-5
1.0638902452256945e-5
8.544175889756944e-6
6.893581814236111e-6
5.619574652777778e-6
4.848497178819444e-6
4.401652018229166e-6
4.1602918836805555e-6
3.923882378472223e-6
3.6665852864583333e-6
3.430853949652778e-6
3.2596842447916666e-6
3.1786431206597223e-6
3.0541314019097223e-6
2.9080539279513887e-6
2.829250759548611e-6
2.7471923828125e-6
2.6739501953125e-6
2.6324462890625e-6
2.5763617621527776e-6
2.4827067057291667e-6
2.4897596571180556e-6
2.4564615885416667e-6
2.4285888671875e-6
2.3771837022569443e-6
2.3758951822916666e-6
2.339545355902778e-6
2.307196723090278e-6
2.203776041666667e-6
2.150200737847222e-6
2.144775390625e-6
2.099609375e-6
2.092217339409722e-6
2.0452880859375e-6
2.0415581597222222e-6
2.0234510633680555e-6
2.013007269965278e-6
1.9890679253472223e-6
1.9624837239583333e-6
1.961330837673611e-6
1.9573296440972223e-6
1.920233832465278e-6
1.932440863715278e-6
1.8883599175347221e-6
1.8330891927083333e-6
1.8678114149305555e-6
1.861911349826389e-6
1.8315972222222223e-6
