0.5205299999999999
0.0051992187499999565
0.000652421875000031
0.000341875000000047
0.0002365625000000371
0.00018125000000002167
0.0001431250000000217
0.00011695312500004107
9.687499999999627e-5
8.351562499997467e-5
7.320312500003201e-5
6.484375000004317e-5
5.9296874999947846e-5
5.382812499998835e-5
4.890624999998039e-5
4.5703124999962874e-5
4.2343750000006786e-5
4.007812499995378e-5
3.7578125000048423e-5
3.6249999999959925e-5
3.531249999999542e-5
3.312499999996721e-5
3.164062500005116e-5
3.0859375000025224e-5
2.9921874999949694e-5
2.9062500000009983e-5
2.8046875000020677e-5
2.7421875000044338e-5
2.67187500000432e-5
2.578124999996767e-5
2.4843750000003162e-5
2.4140625000002025e-5
2.367187499996426e-5
2.3203125000037517e-5
2.2656249999974953e-5
2.2343749999986784e-5
2.1796875000035243e-5
2.1406250000022276e-5
2.117187499994788e-5
2.0546874999971543e-5
1.9765624999945608e-5
1.945312499995744e-5
1.8906250000005898e-5
1.8593750000017728e-5
1.820312500000476e-5
1.789062500001659e-5
1.789062500001659e-5
1.7578125000028422e-5
1.6875000000027285e-5
1.6484375000014317e-5
