0.40637851562500005
0.00379375000000004
0.0004118749999999505
0.0002175781250000064
0.00016148437499996504
0.00013226562500001648
0.00010953125000001673
9.250000000005087e-5
8.101562499995829e-5
7.257812499994465e-5
6.679687499999698e-5
6.179687499996422e-5
5.8515625000032934e-5
5.585937499996696e-5
5.296875000004864e-5
5.0234374999957865e-5
4.820312499997925e-5
4.617187500000064e-5
4.43749999999854e-5
4.281250000004455e-5
4.2109375000043414e-5
4.140625000004228e-5
4.039062500005297e-5
3.9609375000027036e-5
3.8749999999976303e-5
3.8437499999988134e-5
3.8124999999999964e-5
3.7187500000035456e-5
3.6562499999948095e-5
3.5703125000008384e-5
3.468750000001908e-5
3.398437500001794e-5
3.343749999995538e-5
3.281249999997904e-5
3.242187499996607e-5
3.179687499998973e-5
3.132812499995197e-5
3.1171875000013394e-5
3.093750000005002e-5
3.0781250000000426e-5
3.0546875000037055e-5
3.031249999996266e-5
3.0156250000024087e-5
2.999999999997449e-5
2.9687499999986322e-5
2.9218749999948557e-5
2.8906249999960387e-5
2.8750000000021814e-5
2.8437500000033644e-5
2.828124999998405e-5
