0.017227565817636986
0.0013475893621575342
0.0006118899828767123
0.00044587435787671233
0.0003419306506849315
0.00027223351883561643
0.00024012735445205478
0.00022454248715753425
0.0002175861515410959
0.00019103167808219178
0.00019491117294520547
0.00018059717465753424
0.0001727712970890411
0.0001676209332191781
0.00016260434503424657
0.00015651755136986302
0.00016133347602739726
0.0001482234589041096
0.0001503638698630137
0.00014193600171232877
0.00014467840325342466
0.00014775524400684932
0.00013879227311643837
0.00014895922517123286
0.00014668503852739725
0.0001375882919520548
0.00014026380565068493
0.0001434744220890411
0.00013357502140410959
0.00012775577910958903
0.00014106645976027398
0.00012601669520547945
0.00012735445205479452
0.00013377568493150684
0.00013437767551369864
0.0001250802654109589
0.00012989619006849315
0.0001279564426369863
0.000126953125
0.0001299630779109589
0.00012421072345890412
0.00012327429366438357
0.0001230736301369863
0.00012447827482876714
0.0001263511344178082
0.00012702001284246577
0.0001278226669520548
0.0001233411815068493
0.0001228060787671233
0.00013089950770547946
