0.009283898758561645
0.001533470676369863
0.000924724422089041
0.0006471398758561644
0.0004989833047945205
0.0004113602311643836
0.00035176316352739724
0.0003136370933219178
0.0002934369648972603
0.0002800593964041096
0.00026086258561643837
0.0002470168022260274
0.00023845515839041097
0.00023939158818493152
0.00021959278681506848
0.00024146511130136987
0.00022440871147260275
0.0002098271618150685
0.0001993257705479452
0.00020400791952054795
0.00019364030393835617
0.00018146671660958905
0.00018247003424657534
0.00018287136130136988
0.00017718589469178082
0.00017444349315068493
0.00017658390410958905
0.00016568118578767123
0.00017029644691780822
0.00016307255993150684
0.00016675139126712328
0.00016407587756849315
0.00015705265410958903
0.00015283872003424658
0.00015116652397260274
0.00015471157962328768
0.00015183540239726027
0.00015103274828767122
0.00014802279537671234
0.00013926048801369864
0.00013879227311643837
0.00013230415239726028
0.00012775577910958903
0.00012902664811643836
0.00012534781678082192
0.00013089950770547946
0.00012942797517123287
0.0001252140410958904
0.00012561536815068494
0.00011411065924657534
