0.007827482876712328
0.0013602311643835616
0.0008900765196917808
0.000706670055650685
0.0005813891267123288
0.0004632651969178082
0.0003995210830479452
0.0003373822773972603
0.0003103595890410959
0.0002826011344178082
0.00025972549229452056
0.0002571837542808219
0.00022527825342465754
0.00022006100171232876
0.0002256126926369863
0.00021731860017123287
0.0002157132919520548
0.0002030714897260274
0.00019263698630136986
0.00019190122003424656
0.0001868177440068493
0.00019424229452054794
0.0001882892765410959
0.00018119916523972603
0.00017772099743150685
0.00017925941780821917
0.0001593937285958904
0.00016822292380136986
0.0001658818493150685
0.00016347388698630138
0.00014915988869863015
0.00014641748715753423
0.0001453472816780822
0.0001536413741438356
0.00014313998287671234
0.0001523705051369863
0.00015096586044520549
0.00015083208476027396
0.0001483572345890411
0.0001436081977739726
0.00014013002996575343
0.0001381233946917808
0.0001312339469178082
0.0001338425727739726
0.0001351134417808219
0.000131568386130137
0.0001349796660958904
0.00013317369434931507
0.00012574914383561644
0.00013016374143835617
