0.9977734375
0.12800781250000004
0.014531249999999996
0.005468750000000022
0.004062499999999969
0.00300781250000004
0.002343749999999978
0.0020703125000000044
0.0019140625000000355
0.0017578124999999556
0.0016015624999999867
0.0015625000000000222
0.0014843749999999822
0.0014453125000000178
0.0014062500000000533
0.0013671874999999778
0.0012890625000000488
0.0012499999999999734
0.0012109375000000089
0.0012109375000000089
0.001132812499999969
0.001132812499999969
0.001132812499999969
0.001132812499999969
0.001132812499999969
0.001132812499999969
0.001132812499999969
0.0010937500000000044
0.0010937500000000044
0.0010937500000000044
0.00105468750000004
0.00105468750000004
0.00105468750000004
0.00105468750000004
0.00105468750000004
0.00105468750000004
0.0010156249999999645
0.0010156249999999645
0.0010156249999999645
0.0010156249999999645
0.0010156249999999645
0.0009765625
0.0009765625
0.0009765625
0.0009765625
0.0009765625
0.0009765625
0.0009765625
0.0009765625
0.0009765625
