0.4037109375
0.02019531249999995
0.009492187500000027
0.006445312500000022
0.0047656249999999956
0.0039453124999999645
0.0031250000000000444
0.0025781249999999867
0.0023046875000000133
0.001953125
0.001796875000000031
0.001796875000000031
0.0017578124999999556
0.0017187499999999911
0.0016796875000000266
0.0016796875000000266
0.0016406249999999512
0.0014843749999999822
0.0014453125000000178
0.0014062500000000533
0.0014062500000000533
0.0013281250000000133
0.0013281250000000133
0.0013281250000000133
0.0013281250000000133
0.0012890625000000488
0.0012109375000000089
0.001132812499999969
0.001132812499999969
0.001132812499999969
0.001132812499999969
0.001132812499999969
0.001132812499999969
0.001132812499999969
0.0010937500000000044
0.00105468750000004
0.00105468750000004
0.00105468750000004
0.00105468750000004
0.00105468750000004
0.0009375000000000355
0.0009375000000000355
0.00089843749999996
0.00089843749999996
0.00089843749999996
0.00089843749999996
0.00089843749999996
0.0008593749999999956
0.0008593749999999956
0.0008593749999999956
