0.4738671875
0.026171874999999956
0.0107421875
0.007109374999999973
0.0049218749999999645
0.0040234375000000044
0.0032812500000000133
0.002773437500000031
0.002617187499999951
0.0024218750000000178
0.002265625000000049
0.0021484375000000444
0.00203125000000004
0.0019921874999999645
0.0019921874999999645
0.0019921874999999645
0.00187499999999996
0.0018359374999999956
0.0017187499999999911
0.0016015624999999867
0.0015625000000000222
0.0015234374999999467
0.0014453125000000178
0.0014453125000000178
0.0014453125000000178
0.0014062500000000533
0.0013671874999999778
0.0013281250000000133
0.0012890625000000488
0.0012890625000000488
0.0012890625000000488
0.0012499999999999734
0.0012499999999999734
0.0012499999999999734
0.0012109375000000089
0.0011718750000000444
0.001132812499999969
0.001132812499999969
0.001132812499999969
0.001132812499999969
0.0010156249999999645
0.0009765625
0.0009765625
0.0009765625
0.0009765625
0.0009765625
0.0009765625
0.0009375000000000355
0.0009375000000000355
0.0009375000000000355
