0.6025
0.020937500000000053
0.007382812499999947
0.00496093750000004
0.0032812500000000133
0.0024218750000000178
0.002109374999999969
0.0019140625000000355
0.0018359374999999956
0.0016796875000000266
0.0015234374999999467
0.0014453125000000178
0.0014453125000000178
0.0014453125000000178
0.0014062500000000533
0.0013671874999999778
0.0012109375000000089
0.0012109375000000089
0.001132812499999969
0.00105468750000004
0.0010156249999999645
0.0010156249999999645
0.0009765625
0.0009765625
0.0009375000000000355
0.0009375000000000355
0.0009375000000000355
0.0009375000000000355
0.0009375000000000355
0.00089843749999996
0.00089843749999996
0.00089843749999996
0.00089843749999996
0.00089843749999996
0.00089843749999996
0.00089843749999996
0.0008593749999999956
0.0008203125000000311
0.0008203125000000311
0.0007812499999999556
0.0007812499999999556
0.0007812499999999556
0.0007812499999999556
0.0007421874999999911
0.0007421874999999911
0.0007421874999999911
0.0007421874999999911
0.0006640624999999512
0.0006640624999999512
0.0006640624999999512
