0.02702392962262347
0.0023267036918159967
0.0002920762708970717
0.0001802577305506993
0.0001395246599104021
0.00011660915988308566
0.00010297100360576923
9.381914472246504e-5
8.642919580419581e-5
8.174229335118008e-5
7.693075967001748e-5
7.203300849541084e-5
6.878576745520105e-5
6.558803745083042e-5
6.272877513111888e-5
6.051571719296329e-5
5.948281454873252e-5
5.7985105714597905e-5
5.61907574847028e-5
5.5387910429414336e-5
5.415354908763112e-5
5.2984064275568185e-5
5.191317471590909e-5
5.098868416739511e-5
5.008468094405595e-5
5.001382894449301e-5
4.918153135926573e-5
4.857246025458916e-5
4.808503264313811e-5
4.7377366286057695e-5
4.64251324847028e-5
4.594922899366259e-5
4.522022167285839e-5
4.480065832604895e-5
4.427780471481643e-5
4.3602576622596155e-5
4.2658879206730766e-5
4.2627721399694054e-5
4.1749754152097904e-5
4.1658841646634615e-5
4.0634475387893355e-5
4.0347226016171326e-5
4.0427894859047205e-5
4.012997500546329e-5
3.980687281468531e-5
3.9944308621066436e-5
4.003266021088287e-5
4.011162177666084e-5
3.947822197333916e-5
3.9260117324082165e-5
