0.9999833984375
0.44456835937500006
0.03578613281249998
0.008223632812500048
0.004166015624999964
0.0028369140624999734
0.002176757812500041
0.0018251953125000275
0.0015888671874999538
0.0014189453124999751
0.0012744140624999512
0.0011787109374999938
0.001099609374999977
0.0010449218750000488
0.0009941406250000284
0.0009482421875000036
0.0009082031249999512
0.0008623046875000373
0.0008281249999999574
0.0008037109374999796
0.0007861328124999512
0.0007685546875000338
0.0007529296874999591
0.0007304687500000462
0.0007060546874999574
0.00068847656250004
0.0006787109375000488
0.0006679687499999698
0.0006523437500000062
0.0006376953125000195
0.0006269531250000515
0.0006181640625000373
0.0006064453124999813
0.0005976562499999671
0.000587890624999976
0.0005781249999999849
0.0005683593749999938
0.0005615234375000444
0.0005537109375000071
0.0005478515625000346
0.0005429687500000391
0.0005351562500000018
0.0005283203125000524
0.0005205078125000151
0.0005166015624999964
0.0005136718749999547
0.0005058593750000284
0.0005009765625000329
0.0004970703125000142
0.0004902343749999538
