0.9999892578125
0.28613574218750004
0.031499023437499996
0.012236328124999973
0.007494140624999979
0.005494140624999977
0.004386718749999963
0.003708007812500025
0.003249999999999975
0.0029042968750000453
0.0026259765624999654
0.0024238281249999716
0.002265625000000049
0.002140625000000007
0.0020000000000000018
0.0019023437499999796
0.0018232421874999627
0.0017568359374999787
0.0017041015625000044
0.0016474609375000115
0.0016064453124999822
0.001564453124999976
0.0015224609374999698
0.0014931640624999964
0.0014687500000000187
0.0014345703125000497
0.0014003906249999698
0.0013779296874999458
0.001354492187499945
0.0013466796875000187
0.001332031250000032
0.0013164062499999574
0.0013027343749999476
0.0012910156250000027
0.0012705078125000435
0.0012558593749999458
0.0012402343749999822
0.0012255859374999956
0.0012128906249999627
0.001199218749999953
0.001187500000000008
0.001175781249999952
0.0011708984374999565
0.0011621093750000533
0.0011513671874999742
0.001143554687500048
0.001130859375000015
0.0011289062499999503
0.0011191406249999591
0.0011132812499999867
