0.999876953125
0.21312890625000003
0.016152343749999964
0.005658203124999983
0.0034912109375000444
0.0025673828125000187
0.0021015625000000426
0.0017802734374999796
0.0015810546875000275
0.0014277343749999893
0.001308593750000031
0.001221679687499977
0.0011630859375000302
0.0010986328125
0.001042968749999984
0.0010019531249999547
0.0009687499999999627
0.0009335937500000169
0.0008955078125000293
0.0008730468750000053
0.0008554687499999769
0.0008300781250000222
0.0008164062500000124
0.0008017578125000258
0.0007871093750000391
0.0007734375000000293
0.0007617187499999734
0.0007539062500000471
0.0007451171875000329
0.0007363281250000187
0.0007255859375000506
0.0007158203124999485
0.0007080078125000222
0.0007031250000000266
0.0006943359375000124
0.0006855468749999982
0.0006806640625000027
0.0006787109375000488
0.0006708984375000115
0.0006650390625000391
0.0006611328125000204
0.0006533203124999831
0.0006464843750000338
0.0006406249999999503
0.0006396484374999734
0.0006357421874999547
0.0006308593749999591
0.0006259765624999636
0.000621093749999968
0.0006191406250000142
