0.99976953125
0.18131835937499996
0.01607910156250003
0.006201171875000022
0.004007812500000041
0.0030458984375000275
0.0025605468749999583
0.002263671874999984
0.0020488281249999574
0.00190917968750004
0.0017851562499999751
0.0016933593750000364
0.0016269531250000524
0.001575195312500055
0.0015253906250000115
0.0014785156250000098
0.0014345703125000497
0.0014052734374999654
0.0013828125000000524
0.0013486328124999725
0.0013281250000000133
0.0013066406249999662
0.0012919921874999796
0.0012744140624999512
0.0012626953125000062
0.0012490234374999964
0.0012382812500000284
0.0012236328125000417
0.0012119140624999858
0.0011972656249999991
0.0011835937499999893
0.001166015624999961
0.0011630859375000302
0.001155273437499993
0.0011455078125000018
0.0011367187499999876
0.001132812499999969
0.0011240234374999547
0.001121093750000024
0.0011191406249999591
0.0011132812499999867
0.0011083984374999911
0.0011074218750000142
0.0011054687499999494
0.0010966796875000462
0.0010927734375000275
0.0010888671875000089
0.0010859374999999671
0.0010830078125000364
0.0010791015625000178
