0.99991015625
0.20634667968749998
0.021682617187499975
0.009439453125000052
0.006125976562500024
0.004557617187500029
0.0036689453124999494
0.003074218750000024
0.002653320312499985
0.002351562500000015
0.0021347656250000346
0.0019365234374999485
0.0017851562499999751
0.001676757812499985
0.0015830078124999813
0.0014941406249999734
0.0014218750000000169
0.001354492187499945
0.0013007812499999938
0.0012519531250000382
0.0012060546875000133
0.001164062500000007
0.0011250000000000426
0.001086914062500055
0.001064453125000031
0.0010458984375000258
0.0010253906249999556
0.000998046875000047
0.0009785156249999538
0.0009560546875000409
0.0009414062500000542
0.000920898437499984
0.0009082031249999512
0.0008916015625000107
0.0008681640625000098
0.0008554687499999769
0.0008398437500000133
0.0008251953125000266
0.0008154296875000355
0.0008046874999999565
0.0007949218749999654
0.0007841796874999973
0.0007802734374999787
0.0007705078124999876
0.0007607421874999964
0.0007500000000000284
0.0007392578124999494
0.0007294921874999583
0.0007207031250000551
0.0007119140625000409
