0.39195214843750004
0.010080078125000003
0.004248046875000022
0.0025810546875000284
0.0017802734374999796
0.0013955078124999742
0.0011787109374999938
0.0010146484374999876
0.000920898437499984
0.0008466796874999627
0.0007919921875000346
0.0007353515625000417
0.0006904296874999938
0.0006679687499999698
0.0006416015625000382
0.0006230468750000329
0.0006005859375000089
0.0005761718750000311
0.0005556640624999609
0.0005380859375000435
0.0005253906250000107
0.0005117187500000009
0.0004941406249999725
0.00048437499999998135
0.00047656250000005507
0.00046777343750004086
0.0004560546874999849
0.0004482421874999476
0.00044238281249997513
0.0004306640625000302
0.00041992187499995115
0.0004150390624999556
0.00041015624999996003
0.00040234375000003375
0.0003984375000000151
0.0003896484375000009
0.00038671874999995914
0.00038476562500000533
0.00037890625000003286
0.000376953124999968
0.00036914062500004174
0.0003662109375
0.00036132812500000444
0.0003583984374999627
0.0003564453125000089
0.00035449218750005507
0.00035351562499996714
0.00035253906249999023
0.0003505859375000364
0.00034765624999999467
