0.02106753646743881
0.001130282315340909
0.00042190060915646855
0.0002728638548951049
0.00021041507320804196
0.00017575734812062937
0.00014779727108828671
0.00013123156140734267
0.00011842186134178321
0.0001096993826486014
0.00010276100852272727
9.457632211538461e-5
8.719405594405594e-5
8.1700038243007e-5
7.930131392045455e-5
7.529262729458043e-5
7.467800753933567e-5
7.20300207604895e-5
7.08861451048951e-5
7.07939521416084e-5
6.725135216346154e-5
6.529651988636363e-5
6.464263275786713e-5
6.286023546765734e-5
6.188025841346154e-5
6.018322497814685e-5
6.0019326376748255e-5
5.9621530812937066e-5
5.938080474213287e-5
5.7629138439685314e-5
5.589283763111888e-5
5.46072579763986e-5
5.304339215472028e-5
5.198146579982517e-5
5.116197279283217e-5
5.004029173951049e-5
5.002834079982518e-5
4.968347082604895e-5
4.893397618006993e-5
4.884861232517483e-5
4.868983555506993e-5
4.8327892810314686e-5
4.800009560751748e-5
4.8621544471153846e-5
4.729840472027972e-5
4.7947170017482515e-5
4.580282998251748e-5
4.6456717111013986e-5
4.554503114073426e-5
4.5341865166083914e-5
