0.034203725961538464
0.002199339966673951
0.0005870967411494755
0.00034027056927447553
0.0002460954572770979
0.00019623784418706293
0.0001679738718312937
0.0001487635899256993
0.00013739824628496503
0.00012560949792395104
0.00011667019503933567
0.00010863574901660839
0.00010194151551573426
9.577824519230769e-5
9.087835992132867e-5
8.95176600743007e-5
8.653675426136364e-5
8.159077250874126e-5
7.777500819493007e-5
7.484190614073426e-5
7.572627567744756e-5
7.394046383304196e-5
7.230830692744755e-5
7.11251638986014e-5
6.968251475087413e-5
6.786255736451048e-5
6.704989346590909e-5
6.54331020541958e-5
6.348680616258742e-5
6.117344569493006e-5
6.114100743006994e-5
6.009615384615385e-5
5.984518411276224e-5
5.861082277097902e-5
5.8810574191433564e-5
5.7521579982517484e-5
5.6060150786713284e-5
5.523382867132867e-5
5.351801518793706e-5
5.2305848448426575e-5
5.052515843531469e-5
4.99702933784965e-5
4.856520432692308e-5
4.7682542067307696e-5
4.875812663898602e-5
4.770644394667832e-5
4.780888057255245e-5
4.7108896962412585e-5
4.5973557692307694e-5
4.544771634615384e-5
