0.99294140625
0.047039062500000006
0.0060312500000000435
0.003117187500000007
0.002074218750000023
0.0015703124999999485
0.0012851562500000302
0.001132812499999969
0.0009726562499999813
0.000910156250000016
0.000832031249999976
0.0007500000000000284
0.000699218750000008
0.0006757812500000071
0.0006367187500000426
0.0006093750000000231
0.0005742187499999662
0.0005625000000000213
0.0005351562500000018
0.0005195312500000382
0.0005117187500000009
0.0005078124999999822
0.00048437499999998135
0.00047656250000005507
0.00046093749999998046
0.0004570312499999618
0.0004531250000000542
0.00044921875000003553
0.0004414062499999982
0.00043749999999997957
0.0004335937499999609
0.0004296875000000533
0.0004296875000000533
0.00042578125000003464
0.000421875000000016
0.000421875000000016
0.000421875000000016
0.00041015624999996003
0.00041015624999996003
0.00040234375000003375
0.00040234375000003375
0.00039453124999999645
0.00039453124999999645
0.0003828125000000515
0.0003828125000000515
0.00037109374999999556
0.00037109374999999556
0.00037109374999999556
0.00036328124999995826
0.0003593750000000506
