0.99498828125
0.06993749999999999
0.008515625000000027
0.004019531249999986
0.002640624999999952
0.002007812500000039
0.001664062499999952
0.00138671874999996
0.001242187500000047
0.0011054687499999494
0.0010351562499999467
0.0009687499999999627
0.0008906250000000338
0.0008164062500000124
0.0007695312500000107
0.0007226562500000089
0.0006953124999999893
0.0006679687499999698
0.0006562500000000249
0.0006406249999999503
0.000632812500000024
0.0006054687500000044
0.0005742187499999662
0.00056640625000004
0.0005585937500000027
0.0005429687500000391
0.0005390625000000204
0.0005312499999999831
0.0005273437499999645
0.0005195312500000382
0.0005039062499999636
0.0004960937500000373
0.00048828125
0.0004804687499999627
0.0004648437499999991
0.0004414062499999982
0.0004414062499999982
0.0004414062499999982
0.0004414062499999982
0.00043749999999997957
0.00042578125000003464
0.00042578125000003464
0.00041796874999999734
0.00041796874999999734
0.00041796874999999734
0.00041796874999999734
0.0004140624999999787
0.0004062500000000524
0.0004062500000000524
0.0003984375000000151
