0.99053125
0.053054687499999975
0.006781249999999961
0.0035546874999999867
0.002351562500000015
0.0017929687500000124
0.001410156249999961
0.0012812500000000115
0.001109374999999968
0.0009843750000000373
0.0008945312500000524
0.0008359374999999947
0.0007851562499999742
0.0007226562500000089
0.0006757812500000071
0.0006562500000000249
0.0006054687500000044
0.0005976562499999671
0.0005703124999999476
0.0005468749999999467
0.0005390625000000204
0.0005273437499999645
0.0005234374999999458
0.0004999999999999449
0.0004921875000000187
0.0004921875000000187
0.00048437499999998135
0.0004726562500000364
0.0004648437499999991
0.0004570312499999618
0.00044921875000003553
0.00044921875000003553
0.0004414062499999982
0.00042578125000003464
0.00041796874999999734
0.00041796874999999734
0.00041015624999996003
0.00041015624999996003
0.00041015624999996003
0.0004062500000000524
0.00040234375000003375
0.0003906249999999778
0.0003906249999999778
0.0003906249999999778
0.0003906249999999778
0.0003828125000000515
0.00037890625000003286
0.0003750000000000142
0.0003750000000000142
0.00037109374999999556
