1.0
0.21144140624999996
0.009238281250000036
0.003105468749999951
0.0021015625000000426
0.0015664062500000409
0.0012304687499999911
0.0011054687499999494
0.000988281249999945
0.00089843749999996
0.0008164062500000124
0.0007539062500000471
0.0006914062499999707
0.0006796875000000258
0.0006523437500000062
0.0006171874999999494
0.0005937499999999485
0.0005820312500000036
0.0005468749999999467
0.0005429687500000391
0.0005078124999999822
0.0004960937500000373
0.00048437499999998135
0.00047656250000005507
0.0004726562500000364
0.00046093749999998046
0.00044921875000003553
0.0004453125000000169
0.00043749999999997957
0.0004335937499999609
0.00041796874999999734
0.0004140624999999787
0.0004062500000000524
0.0004062500000000524
0.00040234375000003375
0.00040234375000003375
0.00039453124999999645
0.0003906249999999778
0.0003828125000000515
0.00037890625000003286
0.00037890625000003286
0.0003750000000000142
0.00037109374999999556
0.00037109374999999556
0.00037109374999999556
0.00037109374999999556
0.0003671874999999769
0.0003671874999999769
0.0003593750000000506
0.000355468750000032
