0.99819140625
0.09895703125
0.010656250000000034
0.004839843750000017
0.0031132812499999885
0.0023007812499999947
0.0018007812500000497
0.0015390625000000213
0.001320312499999976
0.0011835937499999893
0.0011015625000000417
0.0010273437500000204
0.0009335937500000169
0.0008867187500000151
0.0008359374999999947
0.0008007812500000488
0.0007812499999999556
0.0007343749999999538
0.0007109374999999529
0.0006835937500000444
0.0006562500000000249
0.0006406249999999503
0.0006367187500000426
0.0006249999999999867
0.0006132812500000417
0.0005976562499999671
0.0005742187499999662
0.0005625000000000213
0.0005585937500000027
0.0005468749999999467
0.0005390625000000204
0.0005273437499999645
0.0005234374999999458
0.0005195312500000382
0.0005117187500000009
0.0005078124999999822
0.0005039062499999636
0.0004999999999999449
0.00048828125
0.0004804687499999627
0.00047656250000005507
0.00046093749999998046
0.0004531250000000542
0.0004531250000000542
0.00044921875000003553
0.0004414062499999982
0.00043749999999997957
0.00043749999999997957
0.0004335937499999609
0.0004335937499999609
