0.99966796875
0.17881640624999995
0.015406249999999955
0.0055546874999999885
0.0034101562499999627
0.002531249999999985
0.0020117187499999467
0.0016796875000000266
0.0015117187500000018
0.0013632812499999591
0.0012343750000000098
0.001097656250000023
0.0010273437500000204
0.0009765625
0.0009257812499999796
0.00089843749999996
0.0008515624999999583
0.0008203125000000311
0.0007968750000000302
0.000765624999999992
0.0007343749999999538
0.0006914062499999707
0.0006640624999999512
0.0006562500000000249
0.000632812500000024
0.0006249999999999867
0.0006093750000000231
0.0006093750000000231
0.0005937499999999485
0.0005898437500000409
0.0005781249999999849
0.0005585937500000027
0.0005507812499999654
0.0005312499999999831
0.0005234374999999458
0.0005156250000000195
0.0005156250000000195
0.0004960937500000373
0.0004960937500000373
0.00048437499999998135
0.00047656250000005507
0.00046875000000001776
0.0004648437499999991
0.0004531250000000542
0.00044921875000003553
0.0004453125000000169
0.00043749999999997957
0.00042578125000003464
0.000421875000000016
0.0004140624999999787
