0.99916015625
0.13106249999999997
0.012753906249999947
0.005234375000000013
0.0032656250000000497
0.002484374999999983
0.0019218749999999618
0.001609375000000024
0.0014218750000000169
0.001253906249999992
0.0011523437499999512
0.0010507812500000213
0.0009765625
0.0008906250000000338
0.000832031249999976
0.0007812499999999556
0.0007578124999999547
0.0007226562500000089
0.0006796875000000258
0.0006562500000000249
0.0006289062500000053
0.0006171874999999494
0.0005976562499999671
0.0005898437500000409
0.0005820312500000036
0.00056640625000004
0.0005625000000000213
0.0005507812499999654
0.0005429687500000391
0.0005273437499999645
0.0005195312500000382
0.0005078124999999822
0.0005039062499999636
0.0004921875000000187
0.00048828125
0.00047656250000005507
0.00047656250000005507
0.00046875000000001776
0.00046875000000001776
0.0004570312499999618
0.00044921875000003553
0.00044921875000003553
0.0004453125000000169
0.0004335937499999609
0.0004335937499999609
0.0004296875000000533
0.00042578125000003464
0.000421875000000016
0.000421875000000016
0.00041796874999999734
