0.01883785347316576
0.000523681640625
0.00018881623641304348
0.00010896809895833334
7.26371433423913e-5
6.033634793931159e-5
5.088209069293478e-5
4.299705615942029e-5
4.0318585824275364e-5
3.695192198822464e-5
3.317128057065217e-5
2.9666624207427537e-5
2.775949671648551e-5
2.642379981884058e-5
2.5066873301630433e-5
2.3809018342391305e-5
2.2680310235507246e-5
2.2232719089673915e-5
2.2036345108695653e-5
2.0589192708333332e-5
2.0668803781702898e-5
1.9770083220108697e-5
2.0079681838768116e-5
1.980369678442029e-5
1.9292416779891304e-5
1.8544072690217392e-5
1.7533896625905798e-5
1.768958050271739e-5
1.689346976902174e-5
1.6728940217391305e-5
1.6599793365036232e-5
1.6314962635869566e-5
1.5073029891304348e-5
1.4641360960144928e-5
1.483596580615942e-5
1.5170332314311594e-5
1.478819916213768e-5
1.492088428442029e-5
1.4467985733695653e-5
1.419730808423913e-5
1.4317609261775362e-5
1.373733299365942e-5
1.3618800951086956e-5
1.3295049252717392e-5
1.2468863224637682e-5
1.3210130774456521e-5
1.2771385303442028e-5
1.3001372848731884e-5
1.236625339673913e-5
1.2396328691123188e-5
