0.022852066703464673
0.0006411575096240942
0.0002052391162817029
0.0001183356685914855
7.686537590579711e-5
5.750219372735507e-5
4.574275362318841e-5
3.915803328804348e-5
3.554545969202898e-5
3.1310150588768116e-5
2.7209295742753624e-5
2.6046974071557972e-5
2.3387964221014493e-5
2.1265002264492752e-5
2.053434952445652e-5
2.0387511322463767e-5
1.9113734148550723e-5
1.7318062160326087e-5
1.669709578804348e-5
1.5602001245471016e-5
1.5846141870471016e-5
1.6070822010869566e-5
1.583375792572464e-5
1.5807220901268116e-5
1.5674535778985508e-5
1.4782891757246376e-5
1.453521286231884e-5
1.3974397078804349e-5
1.3976166213768116e-5
1.4052239017210145e-5
1.389832427536232e-5
1.331627887228261e-5
1.2804998867753623e-5
1.1982351109601449e-5
1.1715211730072464e-5
1.2359176856884059e-5
1.2295487998188407e-5
1.262100883152174e-5
1.215926460597826e-5
1.2451171875e-5
1.2288411458333334e-5
1.1207469995471015e-5
1.0506892549818841e-5
1.0101760643115943e-5
1.0140681612318841e-5
1.045028023097826e-5
1.0025687839673914e-5
1.000091995018116e-5
1.0013303894927537e-5
1.0176064311594203e-5
