0.025561254528985507
0.0007170940896739131
0.00021606622225996377
0.00013299295176630435
0.00010098045459692029
7.87017379981884e-5
6.69829879981884e-5
5.207448765851449e-5
4.614611639492754e-5
3.954901211503623e-5
3.5640992980072466e-5
3.2299097033514494e-5
3.0243362205615942e-5
2.633888134057971e-5
2.5772758152173914e-5
2.5008491847826087e-5
2.3637412250905797e-5
2.2915605185688407e-5
2.3272970448369566e-5
2.0334437273550724e-5
1.861306895380435e-5
1.7130533854166667e-5
1.6552026721014494e-5
1.6792629076086956e-5
1.5823143115942028e-5
1.5750608582427535e-5
1.5228713768115942e-5
1.4841273211050725e-5
1.4521059782608695e-5
1.4756354732789855e-5
1.4674974524456522e-5
1.4476831408514493e-5
1.414069576539855e-5
1.394432178442029e-5
1.3770946557971014e-5
1.2893455615942028e-5
1.3029679008152175e-5
1.284568897192029e-5
1.2371560801630435e-5
1.1375537817028985e-5
1.0522814764492753e-5
9.765625e-6
9.995612545289854e-6
9.721396625905796e-6
9.105737658514492e-6
8.647531702898551e-6
9.029664855072463e-6
8.764294610507247e-6
8.362700973731884e-6
8.463541666666666e-6
