0.014324938787930253
0.0004126861129981884
0.00015753793025362318
9.207286005434783e-5
6.657077955163044e-5
4.828500056612319e-5
3.812132019927536e-5
3.3689637115036234e-5
3.208149343297102e-5
2.8380463088768117e-5
2.4951879528985506e-5
2.3757713428442028e-5
2.192665874094203e-5
2.086340862771739e-5
2.100493942481884e-5
2.0316745923913044e-5
1.9103119338768115e-5
1.8445001132246376e-5
1.8250396286231884e-5
1.6256581182065217e-5
1.6426418138586955e-5
1.6035439311594204e-5
1.6171662703804347e-5
1.57081493432971e-5
1.6060207201086955e-5
1.648833786231884e-5
1.6171662703804347e-5
1.569045799365942e-5
1.507126075634058e-5
1.5285326086956523e-5
1.5391474184782608e-5
1.5639153079710146e-5
1.4499830163043478e-5
1.275192481884058e-5
1.2203492980072464e-5
1.2031886888586956e-5
1.2106190557065218e-5
1.2334408967391305e-5
1.1688674705615942e-5
1.2451171875e-5
1.2350331182065218e-5
1.1276466259057971e-5
1.1340155117753623e-5
1.1386152626811594e-5
1.0551120923913043e-5
1.0812952898550724e-5
1.054404438405797e-5
1.080764549365942e-5
1.0055763134057972e-5
9.815160778985508e-6
