0.008561794115149457
0.0002618319746376812
0.00011955990998641304
7.892287986865942e-5
5.8880349864130436e-5
4.8421223958333333e-5
3.821508435235507e-5
3.239639945652174e-5
2.8721906136775363e-5
2.4727199388586956e-5
2.2869607676630435e-5
2.1121702332427537e-5
2.1132317142210144e-5
1.9048276154891304e-5
1.8322930819746376e-5
1.757104846014493e-5
1.806640625e-5
1.687577841938406e-5
1.7022616621376813e-5
1.6389266304347824e-5
1.6100897305253624e-5
1.5964673913043478e-5
1.5189792798913044e-5
1.6169893568840578e-5
1.5218098958333333e-5
1.5011110167572463e-5
1.4027471127717391e-5
1.3029679008152175e-5
1.3270281363224638e-5
1.2217646059782608e-5
1.1722288269927537e-5
1.0908486186594203e-5
1.0834182518115942e-5
1.0257444519927535e-5
1.0167218636775362e-5
9.696628736413044e-6
9.466641191123188e-6
9.37110790307971e-6
9.641785552536233e-6
1.0076992753623189e-5
9.489639945652173e-6
9.259652400362319e-6
9.095122848731884e-6
9.553328804347827e-6
8.622763813405797e-6
8.755448935688405e-6
8.750141530797101e-6
8.302550384963768e-6
7.785962975543479e-6
7.476364356884058e-6
