0.010639913807744565
0.00031607011435688404
0.00013189078068387682
7.71431300951087e-5
5.6879458220108696e-5
4.6204497848731885e-5
3.979138360507246e-5
3.265115489130435e-5
2.7846184329710144e-5
2.5397701539855072e-5
2.4201766304347825e-5
2.3209281589673912e-5
2.2013346354166668e-5
2.1187160326086956e-5
2.0081450973731885e-5
1.9637398097826085e-5
1.975593014039855e-5
1.867498867753623e-5
1.839546535326087e-5
1.8457385076992753e-5
1.7993871716485507e-5
1.6472415647644928e-5
1.513671875e-5
1.3505576313405796e-5
1.3151749320652175e-5
1.3318048007246377e-5
1.2477708899456522e-5
1.2842150701992753e-5
1.2279565783514493e-5
1.2383944746376812e-5
1.177536231884058e-5
1.1532990828804348e-5
1.0436127151268116e-5
9.723165760869566e-6
8.596226788949276e-6
8.697067481884059e-6
8.974821671195651e-6
8.75191066576087e-6
8.37508491847826e-6
8.477694746376812e-6
8.3839305932971e-6
8.51661571557971e-6
8.656377377717391e-6
8.37685405344203e-6
8.51661571557971e-6
7.948723392210145e-6
8.465310801630435e-6
8.781985960144928e-6
8.624532948369565e-6
8.196402287137681e-6
