0.971828125
0.021609375000000042
0.002832031249999978
0.0013828125000000524
0.0007890624999999929
0.000554687499999984
0.00046093749999998046
0.0003984375000000151
0.00034765624999999467
0.00032812500000001243
0.0003007812499999929
0.0002656250000000471
0.0002539062499999911
0.00022656249999997158
0.00021484375000002665
0.00020703124999998934
0.0002031249999999707
0.0001953125000000444
0.0001875000000000071
0.0001875000000000071
0.0001796874999999698
0.00017187500000004352
0.00016796875000002487
0.00016796875000002487
0.00016796875000002487
0.00016406250000000622
0.00016406250000000622
0.00015234374999995026
0.00014453125000002398
0.00014453125000002398
0.00014453125000002398
0.00014062500000000533
0.00014062500000000533
0.00013281249999996803
0.00013281249999996803
0.00013281249999996803
0.00013281249999996803
0.00013281249999996803
0.00013281249999996803
0.00012890624999994937
0.00012890624999994937
0.00012890624999994937
0.00012890624999994937
0.00012890624999994937
0.00012109375000002309
0.00012109375000002309
0.00011718750000000444
0.00011718750000000444
0.00011718750000000444
0.00011718750000000444
