1.0
0.34740625
0.0024570312499999636
0.0008398437500000133
0.0004648437499999991
0.00032812500000001243
0.00028125000000001066
0.00024218750000004619
0.00021484375000002665
0.00020703124999998934
0.0001875000000000071
0.00016015624999998757
0.00014843750000004263
0.00013671874999998668
0.00013671874999998668
0.00013281249999996803
0.00012109375000002309
0.00012109375000002309
0.00012109375000002309
0.00011718750000000444
0.00011718750000000444
0.00011718750000000444
0.00011328124999998579
0.00011328124999998579
0.00010937499999996714
0.00010546874999994849
0.00010546874999994849
0.00010546874999994849
0.00010546874999994849
0.00010546874999994849
0.00010546874999994849
0.00010156250000004086
0.00010156250000004086
0.00010156250000004086
0.00010156250000004086
9.76562500000222e-5
9.76562500000222e-5
9.76562500000222e-5
9.76562500000222e-5
9.375000000000355e-5
9.375000000000355e-5
9.375000000000355e-5
8.98437499999849e-5
8.98437499999849e-5
8.20312499999476e-5
8.20312499999476e-5
8.20312499999476e-5
8.20312499999476e-5
8.20312499999476e-5
8.20312499999476e-5
