0.86298046875
0.009726562500000036
0.001886718750000016
0.0009726562499999813
0.0006015624999999858
0.0004570312499999618
0.000343749999999976
0.0003007812499999929
0.0002539062499999911
0.0002187500000000453
0.00019921874999995204
0.00018359374999998845
0.00017187500000004352
0.00016796875000002487
0.00016406250000000622
0.00016015624999998757
0.00014843750000004263
0.00014843750000004263
0.00014843750000004263
0.00014062500000000533
0.00014062500000000533
0.00014062500000000533
0.00012890624999994937
0.00012500000000004174
0.00010546874999994849
0.00010546874999994849
0.00010156250000004086
9.76562500000222e-5
9.76562500000222e-5
9.375000000000355e-5
9.375000000000355e-5
9.375000000000355e-5
8.98437499999849e-5
8.20312499999476e-5
7.812500000003997e-5
7.031250000000266e-5
7.031250000000266e-5
7.031250000000266e-5
7.031250000000266e-5
7.031250000000266e-5
6.640624999998401e-5
6.640624999998401e-5
6.640624999998401e-5
6.640624999998401e-5
6.640624999998401e-5
6.640624999998401e-5
6.640624999998401e-5
6.640624999998401e-5
6.249999999996536e-5
6.249999999996536e-5
