0.9227421875
0.014300781250000005
0.0022929687499999574
0.0010781250000000409
0.0007343749999999538
0.0005312499999999831
0.00039453124999999645
0.00032031249999997513
0.00028125000000001066
0.00024999999999997247
0.00022265624999995293
0.0002031249999999707
0.0001953125000000444
0.0001796874999999698
0.00017187500000004352
0.00016796875000002487
0.00016015624999998757
0.00014843750000004263
0.00014453125000002398
0.00013281249999996803
0.00012890624999994937
0.00012890624999994937
0.00012890624999994937
0.00012890624999994937
0.00012890624999994937
0.00012890624999994937
0.00012500000000004174
0.00012500000000004174
0.00012109375000002309
0.00012109375000002309
0.00012109375000002309
0.00012109375000002309
0.00011328124999998579
0.00010546874999994849
9.375000000000355e-5
9.375000000000355e-5
9.375000000000355e-5
9.375000000000355e-5
9.375000000000355e-5
9.375000000000355e-5
9.375000000000355e-5
9.375000000000355e-5
8.98437499999849e-5
8.98437499999849e-5
8.98437499999849e-5
8.593749999996625e-5
8.593749999996625e-5
8.593749999996625e-5
8.593749999996625e-5
8.20312499999476e-5
