0.98805078125
0.02885937500000002
0.003207031249999992
0.0014414062499999991
0.0008749999999999591
0.0005937499999999485
0.00043749999999997957
0.00033984374999995737
0.0003007812499999929
0.00027343749999997335
0.00025781250000000977
0.00022265624999995293
0.000210937500000008
0.0001953125000000444
0.00017578124999995115
0.00017578124999995115
0.00017187500000004352
0.00014453125000002398
0.00014062500000000533
0.00013671874999998668
0.00012890624999994937
0.00012890624999994937
0.00012890624999994937
0.00012890624999994937
0.00012500000000004174
0.00012109375000002309
0.00011718750000000444
0.00011328124999998579
0.00010546874999994849
0.00010546874999994849
0.00010546874999994849
0.00010546874999994849
0.00010546874999994849
9.76562500000222e-5
9.375000000000355e-5
9.375000000000355e-5
9.375000000000355e-5
9.375000000000355e-5
9.375000000000355e-5
9.375000000000355e-5
9.375000000000355e-5
9.375000000000355e-5
8.98437499999849e-5
8.593749999996625e-5
8.20312499999476e-5
8.20312499999476e-5
8.20312499999476e-5
8.20312499999476e-5
8.20312499999476e-5
8.20312499999476e-5
