0.99390625
0.03325
0.0034648437500000018
0.0015781249999999858
0.001031250000000039
0.0007695312500000107
0.0006171874999999494
0.0004999999999999449
0.00041015624999996003
0.00037109374999999556
0.0003242187499999938
0.00028906250000004796
0.00027343749999997335
0.0002539062499999911
0.00023046874999999023
0.0002187500000000453
0.000210937500000008
0.00019140625000002576
0.00019140625000002576
0.00019140625000002576
0.00017187500000004352
0.00015234374999995026
0.00015234374999995026
0.00014453125000002398
0.00014453125000002398
0.00014453125000002398
0.00014453125000002398
0.00014062500000000533
0.00013671874999998668
0.00013281249999996803
0.00013281249999996803
0.00013281249999996803
0.00013281249999996803
0.00012500000000004174
0.00012109375000002309
0.00011718750000000444
0.00011718750000000444
0.00011718750000000444
0.00011328124999998579
0.00010937499999996714
0.00010937499999996714
9.76562500000222e-5
9.375000000000355e-5
9.375000000000355e-5
9.375000000000355e-5
8.98437499999849e-5
8.98437499999849e-5
8.593749999996625e-5
8.593749999996625e-5
8.593749999996625e-5
