0.005021868449885671
0.0006877277653391769
0.00038456167825838414
0.00027450040491615855
0.00021886313833841464
0.00018467451886432926
0.0001618994736089939
0.00014536787823932928
0.0001329301043254573
0.00012247522865853659
0.000115234375
0.00010875571646341464
0.00010377465224847561
9.940989424542682e-5
9.667522151295731e-5
9.352074599847561e-5
9.101234994283537e-5
8.865877477134146e-5
8.640345131478659e-5
8.461110184832317e-5
8.265499952362805e-5
8.043838128810976e-5
7.882913729039634e-5
7.715141482469512e-5
7.592326838795732e-5
7.345655487804878e-5
7.261099466463414e-5
7.196193788109756e-5
7.101961461509147e-5
7.009813262195121e-5
7.014576981707317e-5
6.939101800685976e-5
6.880150771722561e-5
6.736941453887195e-5
6.629757764862805e-5
6.61427567644817e-5
6.639880668826219e-5
6.584502429496951e-5
6.572444264481708e-5
6.462729849466463e-5
6.446652296112805e-5
6.32130692644817e-5
6.252977324695122e-5
6.214718702362804e-5
6.176311213795731e-5
6.189858041158537e-5
6.177948742378049e-5
6.185243187881097e-5
6.133884336890244e-5
6.048881716844512e-5
