0.42118652343749996
0.015276367187500028
0.005605468750000009
0.0034687500000000204
0.002565429687499954
0.002110351562499946
0.0017724609375000533
0.0015810546875000275
0.0014052734374999654
0.001287109374999984
0.0011923828125000036
0.001130859375000015
0.001077148437499953
0.00102050781249996
0.0009804687500000187
0.0009521484375000222
0.000920898437499984
0.0008974609374999831
0.0008720703125000284
0.0008457031249999858
0.0008291015625000453
0.00081054687500004
0.0007978515625000071
0.0007802734374999787
0.0007617187499999734
0.000743164062499968
0.0007304687500000462
0.0007197265624999671
0.000709960937499976
0.0007021484375000497
0.0006943359375000124
0.0006904296874999938
0.0006865234374999751
0.0006796875000000258
0.0006728515624999654
0.0006689453124999467
0.0006611328125000204
0.000655273437500048
0.0006533203124999831
0.0006494140624999645
0.0006416015625000382
0.0006367187500000426
0.000632812500000024
0.0006240234375000098
0.0006201171874999911
0.0006181640625000373
0.0006152343749999956
0.0006132812500000417
0.0006123046874999538
0.0006113281249999769
