0.967948717948718	0.7979992304732589	0.5114923494734054	0.22436035533702525	0.07002884419665689
0.5679487179487179	0.27241246633320504	0.07849241571173082	0.015561835485547015	0.0023105144791909504
0.4756410256410256	0.20738745671412084	0.05736238987878384	0.01053718746435861	0.0014476708683542894
0.40512820512820513	0.16352443247402848	0.03947804199509841	0.00672909987200776	0.0008127013756844548
0.3730769230769231	0.1427472104655637	0.030602106378750715	0.004701499157278466	0.0005272381557586137
0.35641025641025637	0.13466717968449404	0.026429091872557486	0.003694035052147382	0.0003902158101942721
0.3474358974358974	0.12466333205078872	0.02404451215473269	0.003187134873465003	0.0003092931930674947
0.3435897435897436	0.11889188149288188	0.022719745644830147	0.002844977252854486	0.00026610136674820595
0.34102564102564104	0.11465948441708351	0.02146121746042262	0.00255350965011214	0.00023730681586875413
0.3384615384615385	0.11158137745286645	0.020003974299529714	0.0023951033442739522	0.00021198746940576108
0.33333333333333337	0.10927279722970373	0.019474067695568698	0.002211352029501623	0.0001901433273593378
0.33333333333333337	0.10734898037706808	0.019275352719083316	0.0020846269848310284	0.00018120708743118996
0.3320512820512821	0.10427087341285113	0.01874544611512219	0.002014928210262168	0.00016730626976524388
0.32948717948717954	0.10273181993074254	0.01848049281314168	0.0019072119222921513	0.00015886648761087585
0.32820512820512826	0.1019622931896883	0.018149301185666045	0.001862858156657543	0.00015191607877795832
0.32692307692307687	0.10042323970757983	0.017884347883685536	0.0017297968597533853	0.00014397275439737012
0.3256410256410256	0.09965371296652559	0.017619394581705028	0.001698115598585792	0.00014000109220713153
0.3256410256410256	0.09926894959599841	0.017486917930714663	0.0016664343374180879	0.00013503651446922227
0.32307692307692304	0.0969603693728357	0.01689077300125852	0.0016284168240169317	0.00013056839450520386
0.32307692307692304	0.0969603693728357	0.016692058024773138	0.0015967355628493385	0.0001251073589936258
