0.011997508837974957
0.0005225064766839378
0.00013306549546632124
8.219822700777202e-5
6.0877455742659757e-5
4.805564550949914e-5
3.9347541558721934e-5
3.40177704015544e-5
3.285736452936097e-5
2.9791059477547497e-5
2.9030386442141624e-5
2.6567897236614854e-5
2.5481703367875647e-5
2.4970652525906734e-5
2.4592845962867013e-5
2.318787780656304e-5
2.1884107836787564e-5
2.1484375e-5
2.142196945164076e-5
2.104584952504318e-5
2.051793231865285e-5
2.01755451208981e-5
1.930186744386874e-5
1.910453098013817e-5
1.9421618631260794e-5
1.8493968588082902e-5
1.8104355569948188e-5
1.756969181778929e-5
1.6807332145941278e-5
1.6883230785837653e-5
1.6888290695164075e-5
1.7075507340241797e-5
1.672637359671848e-5
1.6437958765112263e-5
1.6490244494818654e-5
1.66015625e-5
1.6276041666666666e-5
1.6810705418825563e-5
1.597919365284974e-5
1.654927677029361e-5
1.613436420552677e-5
1.5788603734887738e-5
1.529104598445596e-5
1.5712705094991364e-5
1.4979018242659758e-5
1.4972271696891192e-5
1.4410621761658031e-5
1.5589580634715028e-5
1.5009377698618307e-5
1.4758068868739206e-5
