0.0219456127212867
0.0017017368982081174
0.0003400950588298791
0.00017984773046200345
0.0001249392810880829
9.480246113989637e-5
7.403153335492228e-5
6.250505990932643e-5
5.4798818005181345e-5
5.065475226683938e-5
4.7485562392055265e-5
4.366533085060449e-5
4.004749568221071e-5
3.694914453799654e-5
3.527094127806563e-5
3.344094073834197e-5
3.205283894645941e-5
3.1111695811744384e-5
3.0705216429188256e-5
3.0300423683074265e-5
2.8494036053540587e-5
2.8473796416234888e-5
2.8295012953367877e-5
2.7846367659758202e-5
2.6964256800518135e-5
2.6009620574265977e-5
2.5468210276338514e-5
2.434997031519862e-5
2.4085168393782385e-5
2.383217292746114e-5
2.3972163752158894e-5
2.30849929835924e-5
2.235636604058722e-5
2.279489151554404e-5
2.2823564335060448e-5
2.2464310772884285e-5
2.1852061744386873e-5
2.169351791882556e-5
2.1249932534542315e-5
2.0151932210708116e-5
1.970666018998273e-5
2.0076033570811745e-5
1.9101157707253885e-5
1.8870088514680483e-5
1.8601913320379964e-5
1.8040263385146806e-5
1.8831295876511225e-5
1.845011604058722e-5
1.7824373920552677e-5
1.7401028173575128e-5
