0.02036929073564335
0.0014237421065414508
0.0002872915317357513
0.00015372679188255614
0.00010315805807426598
7.74891380613126e-5
6.502320811744387e-5
5.632353734887737e-5
4.8998475280656303e-5
4.577868631260794e-5
4.1457523747841103e-5
3.9111412456822106e-5
3.7838001943005184e-5
3.5692600388601035e-5
3.4603033246977546e-5
3.336841537132988e-5
3.2638101791882555e-5
3.1734064658894644e-5
3.0389815414507773e-5
2.9273262089810018e-5
2.8605354058721934e-5
2.720713244818653e-5
2.6456579231433507e-5
2.5161242443868738e-5
2.4479841321243525e-5
2.333124190414508e-5
2.278139842400691e-5
2.1808209196891193e-5
2.1502928000863557e-5
2.1199333441278066e-5
2.087381260794473e-5
2.09412780656304e-5
2.0867066062176165e-5
2.01553054835924e-5
2.0411674222797928e-5
1.9807858376511226e-5
1.9745452828151988e-5
2.0303729490500865e-5
1.9865204015544042e-5
1.9236088622625216e-5
1.9664494278929188e-5
1.9274881260794474e-5
1.992592292746114e-5
1.932210708117444e-5
1.9190549438687392e-5
1.8942613881692573e-5
1.901345261226252e-5
1.8433249676165804e-5
1.8499028497409328e-5
1.855300086355786e-5
