0.9931015625
0.08824218750000001
0.006207031249999995
0.002664062499999953
0.0016835937500000453
0.0012265624999999725
0.0009843750000000373
0.0008007812500000488
0.0007265625000000275
0.0006718749999999885
0.000621093749999968
0.0005820312500000036
0.0005429687500000391
0.0005234374999999458
0.00047656250000005507
0.0004570312499999618
0.0004453125000000169
0.0004335937499999609
0.0004140624999999787
0.0004062500000000524
0.0003984375000000151
0.0003906249999999778
0.00038671874999995914
0.00037109374999999556
0.00036328124999995826
0.000355468750000032
0.00034765624999999467
0.000343749999999976
0.0003242187499999938
0.0003164062499999565
0.00031250000000004885
0.0003007812499999929
0.0003007812499999929
0.00028906250000004796
0.00028906250000004796
0.00028906250000004796
0.0002851562500000293
0.00028125000000001066
0.000277343749999992
0.000277343749999992
0.00027343749999997335
0.00027343749999997335
0.0002695312499999547
0.0002656250000000471
0.0002656250000000471
0.0002617187500000284
0.0002617187500000284
0.00025781250000000977
0.0002460937499999538
0.0002460937499999538
