0.9955234375
0.18528515624999997
0.015515625000000033
0.004863281250000018
0.002785156249999976
0.0018906250000000346
0.0013906249999999787
0.0011718750000000444
0.0009765625
0.0008632812500000142
0.0007734375000000293
0.0007109374999999529
0.0006757812500000071
0.0006289062500000053
0.0005898437500000409
0.0005703124999999476
0.0005429687500000391
0.0005195312500000382
0.0005078124999999822
0.00048828125
0.00046093749999998046
0.0004531250000000542
0.0004335937499999609
0.0004140624999999787
0.00040234375000003375
0.0003828125000000515
0.00037109374999999556
0.00036328124999995826
0.00034765624999999467
0.0003320312500000311
0.0003320312500000311
0.00032812500000001243
0.0003242187499999938
0.0003242187499999938
0.00032031249999997513
0.00032031249999997513
0.0003164062499999565
0.0003164062499999565
0.00031250000000004885
0.00031250000000004885
0.00030468750000001155
0.00030468750000001155
0.0003007812499999929
0.0003007812499999929
0.00029687499999997424
0.00029687499999997424
0.00029687499999997424
0.00029687499999997424
0.00028906250000004796
0.00028906250000004796
