0.99796484375
0.104421875
0.0063750000000000195
0.0024257812500000364
0.0015742187499999671
0.001199218749999953
0.0009726562499999813
0.0008242187500000497
0.0007070312500000453
0.000632812500000024
0.0005859375000000222
0.0005507812499999654
0.0005117187500000009
0.0004648437499999991
0.00041796874999999734
0.0003984375000000151
0.00038671874999995914
0.0003750000000000142
0.0003750000000000142
0.0003593750000000506
0.000343749999999976
0.0003320312500000311
0.0003242187499999938
0.0003164062499999565
0.0003164062499999565
0.0003164062499999565
0.00030468750000001155
0.00029687499999997424
0.0002929687499999556
0.00028906250000004796
0.0002695312499999547
0.0002656250000000471
0.0002617187500000284
0.00025781250000000977
0.00024999999999997247
0.00024999999999997247
0.0002460937499999538
0.00023437500000000888
0.00023046874999999023
0.00022265624999995293
0.00022265624999995293
0.00022265624999995293
0.00022265624999995293
0.0002187500000000453
0.00021484375000002665
0.00021484375000002665
0.00021484375000002665
0.00021484375000002665
0.000210937500000008
0.000210937500000008
