1.0
0.92436328125
0.09929687499999995
0.009890625000000042
0.0021601562499999893
0.001410156249999961
0.0010507812500000213
0.000832031249999976
0.0007343749999999538
0.0006406249999999503
0.0006015624999999858
0.0005507812499999654
0.0005195312500000382
0.0004960937500000373
0.0004648437499999991
0.00044921875000003553
0.0004296875000000533
0.00041015624999996003
0.0003906249999999778
0.00037109374999999556
0.00036328124999995826
0.0003593750000000506
0.000355468750000032
0.000343749999999976
0.0003320312500000311
0.0003242187499999938
0.0003242187499999938
0.00032031249999997513
0.00032031249999997513
0.00032031249999997513
0.00031250000000004885
0.00031250000000004885
0.00030468750000001155
0.0002929687499999556
0.00028125000000001066
0.000277343749999992
0.00027343749999997335
0.00027343749999997335
0.00027343749999997335
0.0002695312499999547
0.0002695312499999547
0.0002656250000000471
0.0002656250000000471
0.0002656250000000471
0.0002617187500000284
0.0002617187500000284
0.0002617187500000284
0.00025781250000000977
0.00025781250000000977
0.00024999999999997247
