0.99658203125
0.20521875
0.018585937500000038
0.0056210937499999725
0.0031992187499999547
0.0021914062500000275
0.0016953124999999902
0.0013164062499999574
0.001109374999999968
0.0009804687500000187
0.0008906250000000338
0.0008203125000000311
0.000765624999999992
0.0007187499999999902
0.0006718749999999885
0.0006249999999999867
0.0006015624999999858
0.0005625000000000213
0.0005507812499999654
0.0005351562500000018
0.0005117187500000009
0.0004999999999999449
0.0004921875000000187
0.00048828125
0.0004804687499999627
0.0004648437499999991
0.00044921875000003553
0.00043749999999997957
0.0004296875000000533
0.000421875000000016
0.0004140624999999787
0.0003984375000000151
0.00039453124999999645
0.0003906249999999778
0.00038671874999995914
0.00037890625000003286
0.0003750000000000142
0.00036328124999995826
0.00036328124999995826
0.000355468750000032
0.00033984374999995737
0.00033593750000004974
0.0003320312500000311
0.0003242187499999938
0.00032031249999997513
0.00031250000000004885
0.0003085937500000302
0.00030468750000001155
0.00029687499999997424
0.0002929687499999556
