1.0
0.50928125
0.02546484375000002
0.004121093750000027
0.0015664062500000409
0.0010820312499999485
0.0008749999999999591
0.0007148437499999716
0.000632812500000024
0.0005742187499999662
0.0005273437499999645
0.0004960937500000373
0.0004570312499999618
0.000421875000000016
0.0004062500000000524
0.00038671874999995914
0.0003828125000000515
0.0003750000000000142
0.00036328124999995826
0.0003515625000000133
0.00034765624999999467
0.00033984374999995737
0.00032812500000001243
0.00032812500000001243
0.00032031249999997513
0.0003085937500000302
0.0003007812499999929
0.0002929687499999556
0.0002851562500000293
0.00028125000000001066
0.00028125000000001066
0.00027343749999997335
0.0002695312499999547
0.0002656250000000471
0.0002617187500000284
0.0002617187500000284
0.0002617187500000284
0.00025781250000000977
0.00025781250000000977
0.0002539062499999911
0.00024999999999997247
0.00024999999999997247
0.0002460937499999538
0.00024218750000004619
0.00024218750000004619
0.00024218750000004619
0.00024218750000004619
0.00024218750000004619
0.00024218750000004619
0.00024218750000004619
