0.99399609375
0.15290234375
0.012527343749999975
0.00416406250000001
0.002417968749999999
0.0016484374999999885
0.0012812500000000115
0.0010507812500000213
0.0009179687500000533
0.0008124999999999938
0.0007070312500000453
0.0006562500000000249
0.0006054687500000044
0.0005703124999999476
0.0005468749999999467
0.0005117187500000009
0.0004921875000000187
0.00047656250000005507
0.0004648437499999991
0.0004453125000000169
0.0004414062499999982
0.0004335937499999609
0.00042578125000003464
0.0004062500000000524
0.0003984375000000151
0.0003906249999999778
0.0003906249999999778
0.0003828125000000515
0.00037109374999999556
0.0003593750000000506
0.00034765624999999467
0.000343749999999976
0.00033984374999995737
0.00033984374999995737
0.00033984374999995737
0.00033593750000004974
0.00033593750000004974
0.00033593750000004974
0.00033593750000004974
0.0003242187499999938
0.00032031249999997513
0.0003164062499999565
0.00031250000000004885
0.00031250000000004885
0.00031250000000004885
0.00031250000000004885
0.0003085937500000302
0.0003085937500000302
0.0003085937500000302
0.00030468750000001155
