0.98923828125
0.09355859374999997
0.00755468749999999
0.0031210937500000258
0.001996093749999983
0.0014414062499999991
0.0011367187499999876
0.0009335937500000169
0.0008164062500000124
0.0007382812499999725
0.0006835937500000444
0.0005976562499999671
0.000554687499999984
0.0005039062499999636
0.00048828125
0.0004648437499999991
0.00044921875000003553
0.0004414062499999982
0.00042578125000003464
0.0004062500000000524
0.00038671874999995914
0.00037109374999999556
0.00036328124999995826
0.0003593750000000506
0.0003515625000000133
0.00034765624999999467
0.000343749999999976
0.00033593750000004974
0.0003320312500000311
0.00032812500000001243
0.0003242187499999938
0.0003242187499999938
0.00032031249999997513
0.00032031249999997513
0.00032031249999997513
0.00032031249999997513
0.00030468750000001155
0.0003007812499999929
0.00029687499999997424
0.00029687499999997424
0.0002929687499999556
0.0002929687499999556
0.00028906250000004796
0.0002851562500000293
0.0002851562500000293
0.000277343749999992
0.0002695312499999547
0.0002656250000000471
0.00025781250000000977
0.00025781250000000977
