0.005295064786585366
0.0006652043040205793
0.00036871486756859755
0.00026581703744283535
0.00021041646817835367
0.00017736369807545732
0.00015541337176067072
0.00014054163490853657
0.00013095613805259146
0.00012270150533536585
0.00011553061880716464
0.0001098290420160061
0.0001061475800304878
0.00010317472132240854
9.903921732088415e-5
9.750291777820122e-5
9.485012147484756e-5
9.211544874237805e-5
8.983035203887196e-5
8.831042778201219e-5
8.6669921875e-5
8.540158155487804e-5
8.331001095655488e-5
8.123928163109757e-5
8.025825314405487e-5
7.893483231707317e-5
7.80833174542683e-5
7.650831269054878e-5
7.633711652057926e-5
7.494670588795732e-5
7.416366949314025e-5
7.299209222560975e-5
7.231921684451219e-5
7.077100800304878e-5
7.023508955792682e-5
7.003263147865853e-5
6.960687404725609e-5
6.85960723132622e-5
6.824772532393293e-5
6.818520150533537e-5
6.770287490472561e-5
6.768203363185976e-5
6.703893149771341e-5
6.649259241615854e-5
6.599389052972561e-5
6.564852086509146e-5
6.521829744664635e-5
6.549816596798781e-5
6.496224752286586e-5
6.482826791158537e-5
