0.44489746093750004
0.015159179687500024
0.005335937500000054
0.003361328125000007
0.002474609374999992
0.00201074218749997
0.0017060546874999583
0.0015136718749999556
0.0013740234375000382
0.0012695312499999556
0.0012011718750000178
0.001132812499999969
0.0010722656249999574
0.0010410156250000302
0.001010742187499969
0.0009755859375000231
0.0009521484375000222
0.00093261718750004
0.0009023437499999787
0.0008798828124999547
0.000865234374999968
0.0008515624999999583
0.0008349609375000178
0.0008144531249999476
0.0007978515625000071
0.0007851562499999742
0.0007744140625000062
0.0007587890625000426
0.0007500000000000284
0.0007421874999999911
0.0007304687500000462
0.0007226562500000089
0.0007148437499999716
0.0007070312500000453
0.0006982421875000311
0.0006923828124999476
0.0006855468749999982
0.000676757812499984
0.0006718749999999885
0.0006689453124999467
0.0006640624999999512
0.0006601562500000435
0.0006572265625000018
0.0006562500000000249
0.000655273437500048
0.0006474609375000107
0.0006445312499999689
0.0006386718749999964
0.0006376953125000195
0.0006357421874999547
