0.02902794471153846
0.002900827687937063
0.0010991808484484265
0.0007590212521853146
0.0006153419334571678
0.0005441467711975525
0.0004923411549388112
0.0004545710637019231
0.0004250454135708042
0.00040026257921765737
0.0003792118526005245
0.00035889696241258744
0.0003403678840690559
0.0003281386582167832
0.0003134850988854895
0.00029817082331730767
0.0002881081321022727
0.0002765823044143357
0.00026755251584353147
0.000260026838395979
0.00024941611123251747
0.00024330747377622377
0.00023587569656905594
0.00022837733555506994
0.000223964024256993
0.00021828391335227272
0.00021285306490384615
0.00020829804960664335
0.00020440375054632867
0.00020088846700174826
0.0001966953944493007
0.00019386643629807693
0.00019167599978146853
0.0001887224104020979
0.00018551443673513987
0.0001846437254152098
0.00017946896853146852
0.0001765170864291958
0.0001743949409965035
0.000170654296875
0.0001670109675480769
0.00016363226617132867
0.0001590072525131119
0.00015748777589597902
0.00015481076540646853
0.0001516198645104895
0.00014923479840472028
0.00014690948699737762
0.00014443393520541958
0.00014121913243006994
