0.046247374207823426
0.007012282151442307
0.0018447931463068182
0.0011252219460227272
0.0008891140597683566
0.0007635011472902097
0.0006888333834134615
0.0006229034637237762
0.0005702595744099651
0.0005273830173732518
0.0004932989373907342
0.0004646422913024476
0.0004417152671547203
0.0004232391144012238
0.0004037283517263986
0.0003841851507867133
0.0003700403600305944
0.00035835404829545457
0.00034445510544143355
0.0003373647836538462
0.0003301293433129371
0.00032210684822989513
0.0003123651251092657
0.0003025824273382867
0.0002961203835227273
0.0002891461565777972
0.0002808385462194056
0.00027206314193618884
0.00026490282178758743
0.0002610460828234266
0.0002557654747596154
0.0002557944984702797
0.0002461996011800699
0.0002419297011582168
0.00023509888548951048
0.00023229724377185314
0.00022950926027097903
0.00022820831512237764
0.00022410743553321678
0.00022024898929195804
0.00021355475579108393
0.00021043043870192307
0.00020620663516171327
0.0002062220006555944
0.00020341523710664335
0.00019838389149912588
0.0001955634697333916
0.00019690538953234265
0.00019423862270541957
0.00019312377076048952
