0.015765549879807692
0.0018898635544143357
0.0007413406905594405
0.00045302085609702795
0.0003324956293706294
0.0002715629097465035
0.00022966974431818182
0.00020260257320804195
0.00018470860194493008
0.00017341154938811188
0.0001639020159527972
0.00015607585773601398
0.00014901968149038462
0.00014336176518793707
0.0001384226125437063
0.00013132546164772727
0.00012636411440122378
0.00012159056763548951
0.00011924989073426573
0.00011771504862325175
0.00011640215253496503
0.0001162109375
0.00011495779611013987
0.00011435683457167833
0.00011265467930506993
0.00011257102272727273
0.00011132129589160839
0.00011209469241695804
0.00011082789281031468
0.00010999815614073427
0.00011053765570367133
0.00011062984866695804
0.00011004254534527972
0.0001088884260270979
0.00010836087740384615
0.00010796991094842658
0.00010828063538024476
0.00010705822497814685
0.00010641970334353147
0.00010692505736451049
0.00010682432801573426
0.00010673042777534965
0.00010540045891608391
0.0001048114483173077
0.0001052280239291958
0.00010527070585664336
0.0001052280239291958
0.00010393390788898602
0.00010441706730769231
0.00010387586046765735
