0.0584058419607736
0.013884740015843531
0.0029201062609265733
0.0013665028818837413
0.0009542791193181818
0.0007748835637019231
0.0006655239291958042
0.0005894391253277972
0.0005331962958916084
0.0004909275295017483
0.000457833670236014
0.00043038065450174827
0.00040409370902534967
0.00037990500710227275
0.0003612495902534965
0.00034629213559877624
0.0003335507266171329
0.0003204883495410839
0.0003059799087631119
0.00029568673513986015
0.0002860593995847902
0.0002779105659965035
0.0002670693564248252
0.0002593183184003496
0.00025019462958916083
0.00024237700775786713
0.0002369649393575175
0.00023171506228146854
0.000225917149256993
0.00021727149803321677
0.0002149103338068182
0.00021015215253496504
0.00020642175207604896
0.0002012487024694056
0.00019730147781905596
0.00019151893028846153
0.00019129186243444055
0.0001894548322770979
0.00018378667231206295
0.00017982237489073426
0.0001763600169361888
0.00017424982244318183
0.00017108794525786712
0.0001674838833041958
0.00016622903463723776
0.00016279057856206293
0.00016260619263548952
0.0001585258003715035
0.00015560806381118881
0.00015490978747814685
