0.014042087795017482
0.001438860699847028
0.0006013576267482518
0.00039775288188374124
0.0003020053676791958
0.0002531465116914336
0.00022640030867569931
0.00020648492132867134
0.00019578029392482518
0.00018536078179632868
0.00017803485576923077
0.00016786972792832167
0.00016162109375
0.00015807678649475525
0.00015440272618006992
0.0001516266936188811
0.00014985624726835664
0.00015004234047202798
0.00014776995465472028
0.0001462436489291958
0.00014585609702797204
0.00014196350524475524
0.00014066256009615384
0.00013991306545017482
0.00013884943181818182
0.0001403023246284965
0.00013895699027534965
0.00013803847519667833
0.00013710118006993006
0.00013586681872814686
0.000135672189138986
0.00013521293159965035
0.00013454880080856645
0.00013270494154283218
0.00013268957604895104
0.0001328193291083916
0.00013233446241258743
0.00013245909364073427
0.00013263494318181817
0.00013116327032342657
0.00012993915264423078
0.00013048548131555944
0.00012864845115821678
0.00012889259178321678
0.0001290581976617133
0.00012856138002622378
0.0001283206539554196
0.00012769579053758742
0.00012707263439685316
0.0001272109238417832
