0.037264656973885486
0.0043956000054632864
0.001411899379916958
0.0009423862270541958
0.0007677795836975524
0.0006704425945148601
0.000594395350743007
0.0005378571623688811
0.0004938572170017483
0.0004630528163243007
0.0004357858937937063
0.0004115254862325175
0.0003945534446022727
0.0003765945968094406
0.000360578630354021
0.0003453667914117133
0.00033086517974213286
0.0003238448563155594
0.00031451800152972027
0.0003026165728802448
0.00029204169853583913
0.0002814873115166084
0.0002731079955201049
0.00026609962303321676
0.0002600080583479021
0.00025429550917832166
0.00024963464270104894
0.0002434884451486014
0.00024115289007867134
0.00023582960008741258
0.00023441085281905593
0.0002322596836756993
0.00022650786713286714
0.00022221747978583915
0.00021904023710664336
0.00021531837303321677
0.00021054824082167832
0.00021097164554195803
0.0002054844569493007
0.00020252916029283216
0.00020098919635052449
0.00019586224322552448
0.00019079163024475525
0.00018990213887674825
0.0001857005299388112
0.00018427324628496504
0.00018154843203671328
0.00017957823426573426
0.0001804130927666084
0.0001772409719187063
