0.02296725271798514
0.002136614606097028
0.0008706771743881118
0.0006058580091783216
0.0004965205692744755
0.0004344029993444056
0.00039491197279283214
0.00036265467930506995
0.0003395893657124126
0.00031547578398164334
0.0003013890406468531
0.0002884325147508741
0.0002721331402972028
0.00026103071732954547
0.0002504968176354895
0.00024182555725524475
0.00023480011199737761
0.00022480912642045456
0.000216709803868007
0.0002088238909527972
0.00020094822170017482
0.000192452810861014
0.00018688196569055943
0.00018340253496503496
0.00017967213450611889
0.00017402275458916085
0.00017091209571678322
0.00016769900021853146
0.00016100647399475525
0.00016075721153846153
0.00015401175972465034
0.00015116060697115385
0.0001488609047202797
0.00014803628988199302
0.00014557951813811188
0.0001437202933784965
0.0001409681626966783
0.00013904235413024474
0.00013873675152972027
0.00013651216947115384
0.00013389320640297203
0.00013375491695804195
0.00013203568892045456
0.00013040694656905595
0.00012750969733391608
0.0001243512347027972
0.0001246892755681818
0.00012300931490384615
0.0001229666329763986
0.00011939671656468532
