0.018331041029283218
0.00168565272618007
0.0007207765379152098
0.0005045925753933567
0.0004167719487543706
0.0003591974431818182
0.00032172271088286715
0.00029756986177884617
0.00028021709735576926
0.0002641533271416084
0.00025054974322552445
0.00023828637183129372
0.0002285258686625874
0.00022177700229458042
0.0002129691597465035
0.00020607346754807692
0.00019660661604020978
0.00019296670126748251
0.0001901872541520979
0.0001872473229895105
0.00018361082277097902
0.00018119844023164336
0.00017693195476398602
0.0001738366613854895
0.00017037601070804195
0.000167794607736014
0.00016582440996503497
0.0001621230332167832
0.00016120110358391608
0.0001600760079763986
0.00015766021088286714
0.00015676218312937062
0.00015357640406468532
0.00014947893902972028
0.00014725947880244754
0.00014628462357954545
0.00014302713887674826
0.00014090670072115384
0.00013823822661713286
0.000137608241368007
0.00013649509670017482
0.00013569096918706293
0.00013267933238636363
0.00013113595388986014
0.00012993573809003497
0.00012965403736888112
0.00012933819110576923
0.00012673630080856644
0.0001250717056381119
0.00012453391335227271
