0.7565664062499999
0.05588671874999995
0.012867187500000044
0.006156249999999974
0.003917968749999945
0.002886718750000017
0.0023125000000000506
0.001976562500000001
0.0017343749999999547
0.0015664062500000409
0.0014492187500000364
0.0013593750000000515
0.0012890625000000488
0.0012070312499999902
0.0011718750000000444
0.001109374999999968
0.0010507812500000213
0.0010117187499999458
0.0009609375000000364
0.0009335937500000169
0.0009179687500000533
0.000910156250000016
0.0009023437499999787
0.0008906250000000338
0.0008671875000000329
0.0008593749999999956
0.0008554687499999769
0.0008476562500000506
0.0008398437500000133
0.0008242187500000497
0.0008203125000000311
0.0008164062500000124
0.0008164062500000124
0.0008124999999999938
0.0008007812500000488
0.0007929687500000115
0.0007929687500000115
0.0007890624999999929
0.000777343750000048
0.0007734375000000293
0.0007695312500000107
0.0007695312500000107
0.000765624999999992
0.0007578124999999547
0.0007500000000000284
0.0007500000000000284
0.0007500000000000284
0.0007382812499999725
0.0007343749999999538
0.0007265625000000275
