0.93921875
0.06295312500000005
0.010812500000000003
0.0056874999999999565
0.004148437500000046
0.0034374999999999822
0.002953125000000001
0.0026367187500000444
0.002410156249999962
0.0022343750000000107
0.002097656250000024
0.0019687499999999636
0.0018593749999999964
0.0017695312500000115
0.0016953124999999902
0.001621093749999969
0.001531249999999984
0.001476562499999945
0.0014453125000000178
0.0014179687499999982
0.0013945312499999973
0.0013789062500000338
0.0013476562499999956
0.0013164062499999574
0.0012929687499999565
0.0012695312499999556
0.001253906249999992
0.0012304687499999911
0.0012109375000000089
0.0011914062500000266
0.0011835937499999893
0.0011718750000000444
0.0011523437499999512
0.001132812499999969
0.001109374999999968
0.0010859374999999671
0.001066406249999985
0.001042968749999984
0.001031250000000039
0.0010234375000000018
0.0010039062500000195
0.000988281249999945
0.0009726562499999813
0.0009609375000000364
0.0009492187499999805
0.0009414062500000542
0.0009375000000000355
0.0009296874999999982
0.000910156250000016
0.0008945312500000524
