0.98206640625
0.09714453125
0.01387890624999999
0.007210937500000014
0.005117187500000009
0.0041445312500000275
0.003652343750000009
0.0032460937499999565
0.002953125000000001
0.002761718749999975
0.0025664062500000417
0.00244140625
0.0022773437499999938
0.0021445312500000258
0.0020273437500000213
0.001953125
0.0018710937500000524
0.0018007812500000497
0.0017382812499999734
0.0016718749999999893
0.0015937499999999494
0.0015507812499999662
0.00146484375
0.0014374999999999805
0.001410156249999961
0.0013710937499999964
0.0013281250000000133
0.0012929687499999565
0.0012499999999999734
0.0012187500000000462
0.001199218749999953
0.0011601562499999885
0.001121093750000024
0.0011171875000000053
0.001097656250000023
0.0010703125000000036
0.00105468750000004
0.0010390624999999654
0.0010195312499999831
0.0010195312499999831
0.0009960937499999822
0.0009843750000000373
0.0009804687500000187
0.0009765625
0.0009648437500000551
0.0009492187499999805
0.0009375000000000355
0.0009179687500000533
0.0009062499999999973
0.0009023437499999787
