0.99706640625
0.15189062499999995
0.019433593749999978
0.009183593749999996
0.006476562499999949
0.005242187500000051
0.004589843750000044
0.004117187500000008
0.0037773437500000506
0.00349609375000004
0.0033125000000000515
0.0031210937500000258
0.0029023437499999805
0.002773437500000031
0.0026601562500000453
0.002531249999999985
0.002406250000000054
0.0023125000000000506
0.0022265624999999734
0.002140625000000007
0.0020820312499999494
0.0020117187499999467
0.0019492187499999813
0.0018906250000000346
0.0018124999999999947
0.0017890624999999938
0.0017226562500000098
0.0016953124999999902
0.001652343750000007
0.0016054687500000053
0.0015820312500000044
0.0015468749999999476
0.0015273437499999654
0.0015117187500000018
0.0014921875000000195
0.001476562499999945
0.0014492187500000364
0.0014179687499999982
0.001398437500000016
0.0013710937499999964
0.0013281250000000133
0.0012968749999999751
0.001265625000000048
0.0012382812500000284
0.0012226562499999538
0.0012109375000000089
0.0011835937499999893
0.0011523437499999512
0.0011367187499999876
0.0011171875000000053
