0.03789620139382102
0.004178913676655376
0.0007699661788406906
0.00037816614537805946
0.00026596047994973776
0.00021257648601398602
0.000181370448399257
0.0001613560389805507
0.00014523379452578673
0.00013314968722683565
0.0001240217302229021
0.00011687080009833916
0.00011155561967329545
0.00010635696091018357
0.00010209858500874126
9.808136199737763e-5
9.421779392482517e-5
9.054031905594406e-5
8.85235979840472e-5
8.566775021853147e-5
8.43087576486014e-5
8.246319110576923e-5
7.983995984484265e-5
7.782067785729895e-5
7.650522085336538e-5
7.552439016062063e-5
7.425631009615385e-5
7.249013193837413e-5
7.100565450174825e-5
7.013579682036713e-5
6.892106916520979e-5
6.765597683566433e-5
6.681343558784966e-5
6.581211756993007e-5
6.43293474104021e-5
6.374289772727273e-5
6.333955351289335e-5
6.301389040646853e-5
6.22366525076486e-5
6.177995588395979e-5
6.0922049142263986e-5
6.014353078562063e-5
5.94465349104021e-5
5.898300917832168e-5
5.836753578452797e-5
5.826381870083042e-5
5.751944588614511e-5
5.6317095989947554e-5
5.599484743771853e-5
5.582838792067308e-5
