0.028015817495492788
0.002359798831539554
0.0008327474527425699
0.0005504218681708916
0.0004224819370083042
0.00033945619809877623
0.00028450278969077795
0.0002465487393465909
0.000220686052229021
0.00020062554632867133
0.00018437312199519231
0.00017277900322333915
0.00016279698085118008
0.00015290202961101398
0.00014460508973448426
0.00013764324054851398
0.00013174459817526224
0.0001262992378715035
0.00012238359784746503
0.00011699713860358391
0.00011483871353256119
0.00011079886909965035
0.00010849916684877623
0.00010615635585118007
0.00010347849172312062
0.00010122915414663461
9.93251133631993e-5
9.736558607408217e-5
9.541544880900349e-5
9.41738315395542e-5
9.349988390515734e-5
9.275636472902098e-5
9.060007375437063e-5
8.816933798623252e-5
8.699899953562064e-5
8.517690805288462e-5
8.416193181818182e-5
8.261300467111014e-5
8.163985672530594e-5
8.026805957714161e-5
7.969014627950175e-5
7.948740712412587e-5
7.801445380791083e-5
7.746556422093532e-5
7.598065996503496e-5
7.543646539007868e-5
7.376546793050699e-5
7.238641485467658e-5
7.230105099978146e-5
7.091004698426573e-5
