0.03225425922953999
0.0032970154235413027
0.001019365217302229
0.0006195917729731206
0.00045900742324082167
0.00037210275076486013
0.00031860991791411714
0.0002782093394886364
0.00024803449724104023
0.00022547837904283218
0.00020807098175262237
0.00019467696610030595
0.00018310760284637238
0.0001719117064576049
0.00016339580829326922
0.00015633109566215035
0.00015055537723994756
0.00014612670044798952
0.00014189692143793707
0.0001378310410292832
0.00013398838710118008
0.00013061224664007867
0.00012789596877731645
0.0001263423466182255
0.000123159982107736
0.0001199882880791084
0.00011856228488308566
0.00011691006747159091
0.00011574613131009615
0.00011461634069055944
0.00011296711101398601
0.0001112478829763986
0.00011001992392373252
0.00010881031809986888
0.00010751876297530595
0.00010574874344405594
0.00010472651128168706
0.00010339227422967658
0.00010237900527207168
0.00010135634629042832
9.99004657451923e-5
9.868531127076049e-5
9.808648382867132e-5
9.743601125437062e-5
9.669462617460664e-5
9.55217268083479e-5
9.49775322333916e-5
9.460363854895105e-5
9.35651872541521e-5
9.319086675043707e-5
