0.03197193193769122
0.0021702880859375
0.0005209158517263986
0.00030857027493990383
0.00023113757580310313
0.00018976598352819055
0.00016418072893902973
0.00014702558184003496
0.0001341898457987325
0.00012408959448754372
0.000117344569493007
0.00011164781263658217
0.00010616531905594406
0.00010180109197443182
9.962986232517483e-5
9.582562213177448e-5
9.252801641717657e-5
9.000466086647728e-5
8.794227013221154e-5
8.571299306162587e-5
8.425327114291958e-5
8.330743963068181e-5
8.181698672421329e-5
8.037177666083916e-5
7.94310669798951e-5
7.872510789991259e-5
7.780531236341784e-5
7.672204504479895e-5
7.612620533763112e-5
7.49178799715909e-5
7.333310000546329e-5
7.326865029501748e-5
7.247562008304196e-5
7.16535661604021e-5
7.110638385052448e-5
7.04571917340472e-5
7.005000614619755e-5
6.980159732845279e-5
6.903289581512238e-5
6.871918364838287e-5
6.801578548404721e-5
6.763079449847028e-5
6.691117720170455e-5
6.651210118006993e-5
6.586632361778846e-5
6.586717725633741e-5
6.51838395979021e-5
6.481336046765734e-5
6.435068837412587e-5
6.468061967329545e-5
