0.01551110754479895
0.0006453789130791084
0.0002704873251748252
0.00018472524789663462
0.0001435999303430944
0.00012131654966127623
0.00010583794867242132
9.589434003496503e-5
8.828116463614511e-5
8.145077578671329e-5
7.644119796219405e-5
7.205050808566434e-5
6.931630381337413e-5
6.590857872596154e-5
6.246243990384615e-5
6.128740644121503e-5
6.005774011145105e-5
5.839442539881993e-5
5.7190368225524473e-5
5.6154904665646856e-5
5.426836347246503e-5
5.2734801819274476e-5
5.1789823945585664e-5
5.099209872159091e-5
4.996559836647727e-5
4.882086907233392e-5
4.8316368689903846e-5
4.7489619755244756e-5
4.6752502868225524e-5
4.595605810205419e-5
4.505205487871504e-5
4.4113906113417835e-5
4.340709339488636e-5
4.249199287041084e-5
4.1931579163024473e-5
4.148982121394231e-5
4.1064709216564686e-5
4.048124726835664e-5
4.04227730277535e-5
3.967498565887238e-5
3.996394230769231e-5
3.9634437827797204e-5
3.868135038789336e-5
3.917347301136364e-5
3.872275185751748e-5
3.8611352026879374e-5
3.774448208041958e-5
3.821825147508741e-5
3.797240357298951e-5
3.781789499562937e-5
