0.0034344307425972463
0.0005076281140734266
0.00029992078234265736
0.00021938553389969407
0.00016353196364182691
0.0001330203609866696
0.00011475420331621504
0.00010397872391280595
9.531045126748252e-5
8.783684577141608e-5
8.241282643138112e-5
7.803920932583042e-5
7.438563633631993e-5
7.190026770104895e-5
6.941404542722902e-5
6.671740125109266e-5
6.535712822333916e-5
6.350558621066433e-5
6.21547032069493e-5
5.946446131993007e-5
5.929458724868881e-5
5.801242214816434e-5
5.6533493362106643e-5
5.52419382375437e-5
5.362685410292832e-5
5.2373712713068184e-5
5.2233289171765735e-5
5.057637674825175e-5
5.036254029173951e-5
4.9420550152972025e-5
4.876452892810315e-5
4.8115336811625874e-5
4.7646689248251746e-5
4.6877560915646855e-5
4.6390986942744755e-5
4.626080706402972e-5
4.496583738527098e-5
4.491248497596154e-5
4.431451117242133e-5
4.350910320148601e-5
4.336782602163462e-5
4.319923240821678e-5
4.256028395432692e-5
4.237248347355769e-5
4.170152357408217e-5
4.105958738527098e-5
4.0820568591564686e-5
4.047313770214161e-5
4.00181483555507e-5
4.015985235467657e-5
