0.0034344307425972463
0.0005076281140734266
0.00029992078234265736
0.00022414627608719406
0.00018209817526223775
0.00015325330187390733
0.00013542890215253496
0.00011988329053758741
0.00011042326813811189
0.00010225608132102273
9.639243812827797e-5
9.151688155594406e-5
8.823976316652098e-5
8.434418364838287e-5
7.99368478201486e-5
7.871785197224651e-5
7.555682842548077e-5
7.275860126201923e-5
7.024463573535839e-5
6.897868976726398e-5
6.768201281140734e-5
6.543608978911713e-5
6.405404897836538e-5
6.289608828671328e-5
6.139837945257868e-5
6.060150786713287e-5
5.9050873442963286e-5
5.712634533435315e-5
5.647928731424825e-5
5.583948522180944e-5
5.465335445804196e-5
5.505755231097028e-5
5.3246131310096156e-5
5.2544013603583914e-5
5.2837665264423074e-5
5.17821411986451e-5
5.0911856697989514e-5
4.9395367815777975e-5
4.950420673076923e-5
4.9547315477491256e-5
4.904281509506119e-5
4.842776852054196e-5
4.743327961101399e-5
4.708798281796329e-5
4.6979997541520976e-5
4.617715048623252e-5
4.573155116368007e-5
4.486553485576923e-5
4.4626942881337415e-5
4.4229574136800696e-5
