0.0034344307425972463
0.0005076281140734266
0.0003019584175590035
0.00020128199437281468
0.0001551219166575612
0.00013007189343859266
0.00011212841113964161
0.00010174773956512237
9.274697470498252e-5
8.575823590472028e-5
8.014598926464161e-5
7.658375559986888e-5
7.24401940832605e-5
6.998000778518357e-5
6.706867351398601e-5
6.494354034637237e-5
6.34279051027098e-5
6.097454791302448e-5
5.9035934768356646e-5
5.69615930944056e-5
5.5422482790646856e-5
5.435073959243881e-5
5.274248456621503e-5
5.188372418597028e-5
5.06207659527972e-5
5.048375696569056e-5
4.9793163379589164e-5
4.875471208479021e-5
4.818832290756119e-5
4.760101958588287e-5
4.6866036795236015e-5
4.6072579763986014e-5
4.5996605933129374e-5
4.484888890406468e-5
4.4282499726835664e-5
4.383561994645979e-5
4.3467274912587414e-5
4.30280778791521e-5
4.225169361888112e-5
4.184152029611014e-5
4.154018588833042e-5
4.134086128715035e-5
4.0606305315777974e-5
4.06092930506993e-5
3.9931077223557695e-5
3.972150895979021e-5
3.9089816433566435e-5
3.8520439521416086e-5
3.844403887128497e-5
3.7966428103146854e-5
