0.39195214843750004
0.010080078125000003
0.0041123046875000124
0.0031816406250000373
0.0022109375000000098
0.001642578125000016
0.0013076171875000542
0.0011162109375000284
0.0009970703124999591
0.0008945312500000524
0.0008232421874999618
0.0007675781249999458
0.0007236328124999858
0.0006923828124999476
0.0006689453124999467
0.0006416015625000382
0.0006152343749999956
0.0006025390624999627
0.0005869140624999991
0.00056640625000004
0.0005576171875000258
0.0005400390624999973
0.0005341796875000249
0.0005195312500000382
0.0005039062499999636
0.0004921875000000187
0.000477539062500032
0.00046777343750004086
0.00045996093750000355
0.0004541015625000311
0.0004472656249999707
0.00043457031250004885
0.00042871093749996536
0.00042578125000003464
0.0004238281249999698
0.0004160156250000435
0.0004130859375000018
0.0004062500000000524
0.0004003906249999689
0.00039648437499995026
0.0003916015624999547
0.0003876953125000471
0.00038476562500000533
0.0003808593749999867
0.00037890625000003286
0.0003740234375000373
0.00037011718750001865
0.00036914062500004174
0.00036328124999995826
0.0003583984374999627
