0.9999208984375
0.09445312500000003
0.0062421875000000515
0.0027890624999999947
0.00187499999999996
0.0014287109374999662
0.0011933593749999805
0.001031250000000039
0.0009248046875000027
0.0008427734375000551
0.0007802734374999787
0.0007167968750000364
0.0006787109375000488
0.0006396484374999734
0.0006123046874999538
0.000587890624999976
0.000565429687499952
0.0005498046874999885
0.0005341796875000249
0.0005224609374999689
0.0005117187500000009
0.0005029296874999867
0.00048339843750000444
0.00046777343750004086
0.0004570312499999618
0.0004531250000000542
0.0004462890624999938
0.00043652343750000266
0.00042871093749996536
0.000421875000000016
0.0004150390624999556
0.0004082031250000062
0.0003974609375000382
0.00039257812500004263
0.0003876953125000471
0.0003818359374999636
0.00037792968749994493
0.0003730468749999494
0.00037011718750001865
0.00036914062500004174
0.0003671874999999769
0.0003642578125000462
0.0003574218749999858
0.00035351562499996714
0.0003515625000000133
0.0003505859375000364
0.00034667968750001776
0.0003447265624999529
0.0003427734374999991
0.0003417968750000222
