0.39195214843750004
0.03661328124999996
0.005835937499999999
0.0028671875000000346
0.0019501953124999583
0.0014814453125000515
0.0012109375000000089
0.0010615234374999893
0.0009462890625000497
0.0008515624999999583
0.000788085937500016
0.0007373046874999956
0.0006962890624999662
0.0006562500000000249
0.0006249999999999867
0.0006005859375000089
0.0005810546875000266
0.0005556640624999609
0.00053222656249996
0.0005175781249999734
0.0005048828125000515
0.0004941406249999725
0.0004814453125000506
0.000465820312499976
0.000455078125000008
0.0004472656249999707
0.0004414062499999982
0.00043457031250004885
0.00042675781250001155
0.00041699218750002043
0.00041113281250004796
0.0004072265625000293
0.0004013671874999458
0.00039355468750001954
0.0003916015624999547
0.00038476562500000533
0.0003818359374999636
0.000376953124999968
0.0003740234375000373
0.00037011718750001865
0.0003662109375
0.0003652343750000231
0.00036035156250002753
0.0003593750000000506
0.000355468750000032
0.00035449218750005507
0.0003496093749999485
0.00034765624999999467
0.00034570312500004086
0.000343749999999976
