0.9680306905370843	0.8030842230130486	0.5134896364254162	0.22475537797350287	0.07011746515852213
0.5626598465473146	0.27085804665875846	0.07937478763166839	0.015332945731639458	0.0023072360124393176
0.42455242966751916	0.17912218268090152	0.04825008494733263	0.008226227439725897	0.001123635930888045
0.40281329923273657	0.15856069592724398	0.04118246687054028	0.006574796818367368	0.0008704027100105982
0.3746803069053708	0.14590747330960852	0.03445463812436289	0.005047068865275395	0.0005775008971559137
0.3554987212276215	0.13285883748517202	0.029357798165137616	0.00400796645183632	0.0004114463260886936
0.34654731457800514	0.12415974693554765	0.026027862725110484	0.0032904909758904033	0.0003233451508836138
0.34143222506393867	0.11901937524713324	0.023853211009174258	0.0028204208364774885	0.00027076120337898857
0.3375959079283888	0.11427441676551997	0.022562011552837213	0.002517349299224425	0.00023524397567853406
0.3363171355498721	0.11111111111111116	0.02161060142711524	0.0023256101634112625	0.00020987452732101897
0.3337595907928389	0.10873863187030441	0.020998980632008113	0.002239018295624673	0.0001941915956091833
0.3324808184143222	0.1075523922499011	0.020183486238532056	0.0020843899602914773	0.0001798924519894607
0.3324808184143222	0.10597073942269675	0.01970778117567107	0.0019668724254382486	0.00016928340994903923
0.3286445012787724	0.10438908659549229	0.019096160380564053	0.0019112062247182982	0.00015590679172416966
0.3286445012787724	0.10320284697508897	0.018620455317703066	0.0017936886898650695	0.00015083290205275546
0.3273657289002557	0.10201660735468565	0.01834862385321101	0.0017194670889051356	0.00014160764810455806
0.32480818414322254	0.10122578094108348	0.018076792388718954	0.0016761711550118408	0.0001356112330381798
0.32225063938618925	0.10083036773428233	0.017533129459734953	0.0016266900877052182	0.00013192113145898965
0.32225063938618925	0.10003954132068016	0.017397213727488925	0.0015833941538119234	0.00012361840290553427
0.32225063938618925	0.09964412811387902	0.01712538226299698	0.001558653620158612	0.00011623819974704297
