0.07961671799879808
0.03295923705201049
0.00904660695749563
0.0024618372350305945
0.00103836251638986
0.0006470631419361888
0.0004915609293050699
0.00040132109101835664
0.0003409790892701049
0.00029453261582167834
0.0002600900076486014
0.00023211115056818182
0.0002120830829326923
0.00019737830528846154
0.00018437056107954545
0.00017258181271853146
0.0001609774502840909
0.00014943284254807692
0.00014175521743881118
0.00013649680397727273
0.0001307005982298951
0.00012550535402097902
0.00012222055288461537
0.00011807869864510489
0.00011440976016171329
0.00011276735959353146
0.00010935280539772728
0.00010594849486451049
0.00010356001420454545
0.0001011544607736014
9.787648874562937e-5
9.458998033216783e-5
9.229027808129371e-5
9.04993444055944e-5
8.785989401223776e-5
8.450680179195804e-5
8.359511582167833e-5
8.276025732080419e-5
8.131590089597902e-5
7.946521252185314e-5
7.790305397727273e-5
7.670625273164336e-5
7.573651934003496e-5
7.366900677447553e-5
7.321657834353147e-5
7.403094951923077e-5
7.34914499562937e-5
7.218709025349651e-5
7.17739291958042e-5
7.029201267482518e-5
