0.07697432425972466
0.031032310219077798
0.008038898601398602
0.0020564033134833916
0.0008998203944493007
0.0005829361068618881
0.00044949703616695803
0.00037067205255681817
0.0003132990056818182
0.0002726333724868881
0.00024078070367132868
0.00021359914499562938
0.0001937639996722028
0.00017910019667832168
0.00016397542886800699
0.00015361225688374127
0.00014332932692307692
0.00013709093640734265
0.00012975988854895104
0.00012539608828671328
0.0001205320558347902
0.00011580802010489511
0.0001096259697333916
0.00010651189630681818
0.0001046629152097902
0.0001027063756555944
9.983644285402098e-5
9.841257375437063e-5
9.604799497377622e-5
9.379097465034965e-5
9.224930343094406e-5
9.145029774912588e-5
8.898328234265734e-5
8.668016553758741e-5
8.43924142263986e-5
8.428144121503497e-5
8.341072989510489e-5
8.144906850961538e-5
8.058347902097902e-5
7.89376638986014e-5
7.726453234265734e-5
7.600285456730769e-5
7.484361341783217e-5
7.34026715472028e-5
7.189685314685315e-5
7.110126201923077e-5
6.984982790646853e-5
6.904911494755245e-5
6.882546164772727e-5
6.894497104458042e-5
