0.0875471976753715
0.0492431623552229
0.023970803854348775
0.009177428772399476
0.0026387008987106644
0.0009795109675480769
0.0006011373880026224
0.0004603775131118881
0.00038114278299825174
0.0003252601890297203
0.000283831402972028
0.00025356991641171326
0.0002298268138111888
0.00021128578452797204
0.00019762586046765735
0.00018134697333916085
0.00016834605823863637
0.00015940504807692308
0.00015207912204982517
0.0001461446268575175
0.0001398942854020979
0.00013301225142045456
0.00012868430397727272
0.0001243324546547203
0.00012107155539772727
0.00011611874453671329
0.00011225005463286714
0.00011007669088723777
0.00010795966728583916
0.00010532704600087412
0.00010087617460664335
9.758283708479021e-5
9.474192799388111e-5
9.202394285402098e-5
8.929912860576924e-5
8.809208369755245e-5
8.670748197115385e-5
8.427461210664335e-5
8.370779611013986e-5
8.208076103583917e-5
8.12168788243007e-5
8.060396634615384e-5
7.778866641171328e-5
7.668235085227273e-5
7.679161658653846e-5
7.613772945804196e-5
7.507409582604895e-5
7.450727982954545e-5
7.422728638548951e-5
7.427338286713287e-5
