0.07684742747486888
0.03607265146962413
0.012111314466783216
0.0027440620902534963
0.0009276165728802448
0.0005694110576923077
0.00042920604785839163
0.000355485822770979
0.0003045184795673077
0.00026592377349213286
0.0002343835363854895
0.00021098701103583917
0.00019438544853583916
0.0001811608801354895
0.00016630074027534965
0.00015384615384615385
0.0001444373497596154
0.00013762189958479022
0.00013275274530157342
0.00012754555015297202
0.00012191665756118881
0.00011565948699737762
0.0001124702933784965
0.00010845136309003496
0.00010634970498251748
0.00010335172639860139
9.864476343968532e-5
9.59455583479021e-5
9.449266553758742e-5
9.389682583041958e-5
9.104055124562937e-5
9.00810615166084e-5
8.617310423951049e-5
8.435314685314685e-5
8.323488035402097e-5
8.196125163898601e-5
8.026763275786714e-5
7.839645705856644e-5
7.685478583916084e-5
7.521409254807692e-5
7.444411057692307e-5
7.381412532779721e-5
7.289561024912588e-5
7.21836756993007e-5
7.100565450174825e-5
7.119174770541958e-5
7.130101343968532e-5
7.009567580856643e-5
6.913447880244755e-5
6.811181982080419e-5
