0.0755046335500437
0.031143795413570804
0.008098132580310315
0.0018935102982954545
0.000811506364729021
0.0005323102190777972
0.00041205986396416084
0.00034327366968968533
0.00029171048677884616
0.00025246189357517484
0.00022383597847465034
0.00020290988308566433
0.00018673343258304197
0.00017275254042832167
0.00016034405048076923
0.00014971795782342656
0.00014270275622814687
0.00013626119973776223
0.00013099595716783218
0.00012462269176136365
0.00011993450885052448
0.00011463682801573427
0.0001110788625437063
0.00010692847191870629
0.00010454682036713287
0.00010191249180506993
9.81428239729021e-5
9.69187062937063e-5
9.650383795891609e-5
9.483412095716783e-5
9.202906468531469e-5
8.872548350087413e-5
8.757990056818182e-5
8.69157697770979e-5
8.483972082604895e-5
8.33270733173077e-5
8.262538243006993e-5
8.134492460664335e-5
8.107517482517482e-5
7.950277261800699e-5
7.787232298951049e-5
7.68189330201049e-5
7.537286931818182e-5
7.488117351398602e-5
7.491019722465035e-5
7.510311953671328e-5
7.43894777097902e-5
7.401899857954545e-5
7.260195858828672e-5
7.130101343968532e-5
