0.13453273362379808
0.12018957775622814
0.10641717315887238
0.09309425364674388
0.07990163181545018
0.06690295666247814
0.05447023020924388
0.04304984224759616
0.033042265351835666
0.02471849903026661
0.018109728406359264
0.013082092711975524
0.009393853460992132
0.006764153327141608
0.004926360016936189
0.003646083164881993
0.0027553147536057694
0.002122662737652972
0.0016800152972027973
0.001359672066215035
0.0011246261063155595
0.0009498145897071679
0.0008166094159746504
0.000714459612652972
0.0006326161631337412
0.0005663243006993007
0.0005139552829982518
0.0004717599295236014
0.00043516444493006993
0.00040457516116695804
0.0003796455009833916
0.0003562097082604895
0.0003367501638986014
0.00032003079927884614
0.0003049828589379371
0.000292393397618007
0.0002811356124344406
0.00027054025076486015
0.000261370465472028
0.00025299627130681817
0.0002460954572770979
0.00024001072170017483
0.00023417012674825175
0.00022865562172202797
0.00022443352545891608
0.0002194790073208042
0.0002158937254152098
0.00021115432419143356
0.00020755879862325175
0.00020411351343968531
