1.0
0.99983984375
0.81328515625
0.25972656250000004
0.06467578124999995
0.022546874999999966
0.011386718749999969
0.007453124999999949
0.005562500000000026
0.004437499999999983
0.00372656250000003
0.0032109375000000107
0.0028242187500000515
0.00251953125000004
0.0022890625000000497
0.002066406249999986
0.00187499999999996
0.001742187499999992
0.0016249999999999876
0.0015507812499999662
0.0014492187500000364
0.0013828125000000524
0.001332031250000032
0.0012812500000000115
0.0012343750000000098
0.0011835937499999893
0.0011484375000000435
0.0011132812499999867
0.0010820312499999485
0.001042968749999984
0.0010234375000000018
0.0010000000000000009
0.0009843750000000373
0.0009531249999999991
0.0009296874999999982
0.0008945312500000524
0.0008749999999999591
0.0008593749999999956
0.000832031249999976
0.0008242187500000497
0.0008164062500000124
0.0007968750000000302
0.0007890624999999929
0.0007734375000000293
0.000765624999999992
0.0007539062500000471
0.0007382812499999725
0.0007343749999999538
0.0007304687500000462
0.0007148437499999716
