1.0
1.0
0.92604296875
0.27826562499999996
0.04857812500000003
0.016644531249999983
0.008605468750000012
0.005730468750000051
0.004363281249999962
0.0035703124999999503
0.0030351562499999485
0.002617187499999951
0.0023242187499999956
0.0020937500000000053
0.0018945312500000533
0.0017265625000000284
0.0015820312500000044
0.0015078124999999831
0.0013828125000000524
0.001320312499999976
0.0012343750000000098
0.001187500000000008
0.0011367187499999876
0.0010937500000000044
0.0010742187500000222
0.0010390624999999654
0.0010000000000000009
0.0009687499999999627
0.0009531249999999991
0.0009140625000000346
0.0008945312500000524
0.0008671875000000329
0.0008515624999999583
0.0008164062500000124
0.0007968750000000302
0.0007734375000000293
0.0007617187499999734
0.0007421874999999911
0.0007304687500000462
0.0007265625000000275
0.0007226562500000089
0.0007148437499999716
0.0007031250000000266
0.0006914062499999707
0.0006718749999999885
0.0006562500000000249
0.0006445312499999689
0.000632812500000024
0.000632812500000024
0.0006249999999999867
