1.0
1.0
0.83721875
0.20100390624999998
0.038355468749999955
0.014074218750000034
0.007867187500000039
0.005355468750000036
0.004249999999999976
0.00349609375000004
0.0030039062500000213
0.0025585937500000044
0.0022812500000000124
0.0020781250000000417
0.0018789062499999787
0.0017148437499999725
0.001597656249999968
0.0014960937500000382
0.0013828125000000524
0.0013242187499999947
0.0012695312499999556
0.0012226562499999538
0.001132812499999969
0.0011054687499999494
0.0010781250000000409
0.001031250000000039
0.0009765625
0.0009453124999999618
0.0009179687500000533
0.0008906250000000338
0.0008710937500000515
0.0008593749999999956
0.0008281249999999574
0.0008046874999999565
0.0007890624999999929
0.000777343750000048
0.0007695312500000107
0.0007617187499999734
0.0007578124999999547
0.0007421874999999911
0.0007187499999999902
0.0007031250000000266
0.0006914062499999707
0.0006796875000000258
0.0006757812500000071
0.0006640624999999512
0.0006640624999999512
0.0006601562500000435
0.0006601562500000435
0.0006523437500000062
