1.0
1.0
1.0
1.0
1.0
1.0
0.99999609375
0.99980078125
0.99564453125
0.971109375
0.90246484375
0.7834453125
0.63690625
0.49042968750000004
0.36413281249999996
0.2657890625
0.19304296875000004
0.14008984375
0.10234765624999997
0.07621875
0.05777734374999999
0.044519531249999966
0.03444531250000005
0.027406249999999965
0.022242187499999955
0.01830078125000001
0.015281250000000024
0.013023437500000012
0.011113281249999996
0.009656250000000033
0.008492187500000026
0.007546874999999953
0.00675781249999996
0.0061640625000000115
0.005605468750000009
0.005230468749999995
0.0048828125
0.004542968750000043
0.004199218749999956
0.0039453124999999645
0.003718749999999993
0.003562500000000024
0.00333984374999996
0.0032109375000000107
0.00310937499999997
0.002964843749999946
0.002839843750000015
0.002761718749999975
0.0026601562500000453
0.002562500000000023
