1.0
1.0
0.9855234375
0.453546875
0.08053515624999996
0.023074218750000042
0.01025390625
0.006160156249999993
0.004671874999999992
0.0037812499999999583
0.0032343750000000115
0.002785156249999976
0.002429687500000055
0.0021835937499999902
0.001953125
0.001808593749999976
0.0016562500000000258
0.0015273437499999654
0.0014140624999999796
0.001320312499999976
0.001277343749999993
0.0012304687499999911
0.0011796874999999707
0.0011445312500000249
0.001097656250000023
0.001031250000000039
0.0010039062500000195
0.0009687499999999627
0.0009218749999999609
0.0009023437499999787
0.0008828124999999964
0.0008593749999999956
0.0008359374999999947
0.0008203125000000311
0.0008085937499999751
0.0007851562499999742
0.0007695312500000107
0.0007460937500000098
0.0007343749999999538
0.0007070312500000453
0.0007031250000000266
0.0006914062499999707
0.000687499999999952
0.0006796875000000258
0.0006757812500000071
0.0006718749999999885
0.0006679687499999698
0.0006640624999999512
0.0006562500000000249
0.0006445312499999689
