1.0
1.0
1.0
0.98423828125
0.53969140625
0.13044531250000002
0.03477343749999995
0.013269531249999966
0.007800781250000055
0.005703125000000031
0.004519531250000042
0.0038007812500000515
0.0032539062499999938
0.0028593749999999973
0.002550781249999967
0.0022499999999999742
0.002066406249999986
0.0019101562500000169
0.0017382812499999734
0.001621093749999969
0.0015234374999999467
0.0014492187500000364
0.001375000000000015
0.0013164062499999574
0.0012578125000000107
0.0012109375000000089
0.0011601562499999885
0.001121093750000024
0.0010781250000000409
0.0010273437500000204
0.0009960937499999822
0.0009804687500000187
0.0009531249999999991
0.0009375000000000355
0.0009062499999999973
0.0008710937500000515
0.0008398437500000133
0.0008203125000000311
0.0007968750000000302
0.0007734375000000293
0.0007695312500000107
0.0007539062500000471
0.0007421874999999911
0.0007265625000000275
0.0007070312500000453
0.0006953124999999893
0.000687499999999952
0.0006757812500000071
0.0006718749999999885
0.0006640624999999512
