0.00257652587890625
0.0002679511176215278
0.00016475287543402778
0.00010794542100694445
7.822808159722222e-5
6.450466579861111e-5
5.3443739149305554e-5
4.515245225694444e-5
4.02099609375e-5
3.60595703125e-5
3.2763671875e-5
3.054877387152778e-5
2.8630913628472222e-5
2.7567545572916666e-5
2.6188151041666666e-5
2.5410970052083333e-5
2.4388292100694443e-5
2.2916666666666667e-5
2.1968587239583333e-5
2.0936414930555556e-5
2.028537326388889e-5
1.9452582465277778e-5
1.85791015625e-5
1.856960720486111e-5
1.8157280815972224e-5
1.8006727430555557e-5
1.8031141493055554e-5
1.7537434895833333e-5
1.7188856336805555e-5
1.6963704427083332e-5
