0.004028614637586805
0.0003550618489583333
0.00018408338758680557
0.00012501627604166667
9.337022569444444e-5
7.647705078125e-5
6.597357855902778e-5
5.9532335069444445e-5
5.4121907552083336e-5
5.108506944444445e-5
4.788682725694445e-5
4.622395833333333e-5
4.435221354166667e-5
4.2510308159722225e-5
4.0828450520833336e-5
3.9375813802083334e-5
3.9617241753472225e-5
3.877766927083333e-5
3.7726508246527774e-5
3.693305121527778e-5
3.6572265625e-5
3.638916015625e-5
3.591715494791667e-5
3.540852864583333e-5
3.498806423611111e-5
3.5065375434027776e-5
3.4475368923611113e-5
3.4033203125e-5
3.385009765625e-5
3.364529079861111e-5
