0.006034304470486111
0.00028100450303819444
0.0001282497829861111
7.27511935763889e-5
5.3900824652777775e-5
4.338650173611111e-5
3.694525824652778e-5
3.212619357638889e-5
2.8550889756944445e-5
2.6493326822916666e-5
2.4405924479166666e-5
2.2391764322916667e-5
2.160101996527778e-5
2.097439236111111e-5
1.9984266493055556e-5
1.9121636284722223e-5
1.8937174479166668e-5
1.852484809027778e-5
1.737060546875e-5
1.719428168402778e-5
1.653103298611111e-5
1.5985785590277777e-5
1.6248914930555557e-5
1.5378146701388888e-5
1.549343532986111e-5
1.4781358506944444e-5
1.4862738715277778e-5
1.4283582899305555e-5
1.4077419704861112e-5
1.3892957899305556e-5
