0.0036650187174479165
0.0003881903754340278
0.00023104926215277777
0.0001442355685763889
0.00010218234592013889
8.190782335069444e-5
6.607666015625e-5
5.5967881944444445e-5
5.0090874565972224e-5
4.3916829427083335e-5
3.925645616319444e-5
3.6859809027777775e-5
3.455810546875e-5
3.118625217013889e-5
3.100450303819444e-5
2.941623263888889e-5
2.8089735243055554e-5
2.7159288194444446e-5
2.5801595052083334e-5
2.5168185763888887e-5
2.3455132378472223e-5
2.245415581597222e-5
2.1270073784722223e-5
2.147759331597222e-5
1.9840494791666667e-5
1.9691297743055554e-5
1.9087727864583332e-5
1.8806966145833332e-5
1.8355305989583335e-5
1.7716471354166667e-5
