0.0005096788194444444
0.0001952487521701389
0.00012035725911458333
8.121202256944445e-5
6.001790364583333e-5
4.790717230902778e-5
3.991021050347222e-5
3.483751085069445e-5
3.092447916666667e-5
2.8560384114583332e-5
2.587212456597222e-5
2.438015407986111e-5
2.3130967881944446e-5
2.209743923611111e-5
2.0947265625e-5
2.0369466145833333e-5
1.9647894965277777e-5
1.9066026475694443e-5
1.8744574652777778e-5
1.8101671006944444e-5
1.8534342447916665e-5
1.728515625e-5
1.6973198784722222e-5
1.6208224826388888e-5
1.5840657552083334e-5
1.5771484375e-5
1.5728081597222224e-5
1.5931532118055555e-5
1.5470377604166667e-5
1.4854600694444444e-5
