0.0015445787217881945
0.00021832953559027777
0.00012908393012152778
8.265380859375e-5
6.276719835069445e-5
4.856906467013889e-5
4.1117350260416665e-5
3.600802951388889e-5
3.196072048611111e-5
2.877197265625e-5
2.71240234375e-5
2.57568359375e-5
2.4016655815972222e-5
2.2441948784722223e-5
2.1683756510416667e-5
2.1506076388888888e-5
1.935356987847222e-5
1.9356282552083333e-5
1.880832248263889e-5
1.8027072482638888e-5
1.700710720486111e-5
1.660698784722222e-5
1.6316731770833332e-5
1.646999782986111e-5
1.5690104166666667e-5
1.5211317274305556e-5
1.5058051215277777e-5
1.4964463975694444e-5
1.4484320746527778e-5
1.4481608072916666e-5
