0.00362484130859375
0.00035879177517361113
0.00020126817491319444
0.00012824164496527777
8.963758680555556e-5
6.983778211805556e-5
5.8318413628472226e-5
4.9925401475694446e-5
4.362928602430556e-5
3.833143446180556e-5
3.577338324652778e-5
3.312717013888889e-5
3.0635579427083334e-5
2.8489854600694445e-5
2.692192925347222e-5
2.5581868489583335e-5
2.4207899305555555e-5
2.3795572916666665e-5
2.271999782986111e-5
2.1946885850694444e-5
2.1430121527777777e-5
2.068820529513889e-5
1.9938151041666666e-5
1.9417317708333333e-5
1.921115451388889e-5
1.8473307291666665e-5
1.7854817708333332e-5
1.739773220486111e-5
1.6923014322916666e-5
1.6853841145833334e-5
