0.002541433376736111
0.00021475965711805555
0.00012089301215277778
7.39501953125e-5
5.5274793836805555e-5
4.538302951388889e-5
3.725992838541667e-5
3.381890190972222e-5
3.0292426215277777e-5
2.802734375e-5
2.5739203559027777e-5
2.3404947916666667e-5
2.27294921875e-5
2.1101888020833334e-5
2.0423719618055555e-5
1.959906684027778e-5
1.8560112847222223e-5
1.849365234375e-5
1.7198350694444445e-5
1.628689236111111e-5
1.5406629774305555e-5
1.5265570746527778e-5
1.4676920572916666e-5
1.4762369791666667e-5
1.4305284288194444e-5
1.4256456163194444e-5
1.3741048177083333e-5
1.4248318142361112e-5
1.356472439236111e-5
1.3472493489583334e-5
