0.0022164171006944446
0.00022139892578125
0.0001279079861111111
8.853217230902778e-5
6.547715928819445e-5
5.1618109809027776e-5
4.364963107638889e-5
3.836941189236111e-5
3.414577907986111e-5
3.2123480902777775e-5
2.9295518663194445e-5
2.717013888888889e-5
2.6032172309027778e-5
2.4833170572916666e-5
2.3409016927083334e-5
2.220187717013889e-5
2.177463107638889e-5
2.1046278211805554e-5
2.0334201388888888e-5
1.9573296440972224e-5
1.8929036458333332e-5
1.918131510416667e-5
1.814643012152778e-5
1.814236111111111e-5
1.7854817708333332e-5
1.6799587673611112e-5
1.701117621527778e-5
1.6672092013888888e-5
1.563991970486111e-5
1.6258409288194444e-5
