0.013280253092447916
0.0006664659288194444
0.00016759575737847223
9.095052083333333e-5
6.006808810763889e-5
4.68505859375e-5
3.9751519097222224e-5
3.429226345486111e-5
3.148600260416667e-5
2.9185655381944443e-5
2.718234592013889e-5
2.5065104166666667e-5
2.4555121527777778e-5
2.309299045138889e-5
2.2234429253472222e-5
2.1434190538194443e-5
2.148708767361111e-5
2.012261284722222e-5
1.92626953125e-5
1.9330512152777778e-5
1.844211154513889e-5
1.819797092013889e-5
1.8235948350694443e-5
1.7742241753472222e-5
1.711697048611111e-5
1.6749403211805556e-5
1.686333550347222e-5
1.6680230034722224e-5
1.6300455729166667e-5
1.634250217013889e-5
