0.003728659396701389
0.00033400472005208333
0.00017688123914930555
0.00011531846788194445
8.345540364583333e-5
6.637912326388889e-5
5.511881510416667e-5
4.7237141927083335e-5
4.0424262152777775e-5
3.635389539930556e-5
3.3333333333333335e-5
3.117811414930555e-5
2.894829644097222e-5
2.756890190972222e-5
2.5777180989583334e-5
2.4681260850694445e-5
2.3331705729166665e-5
2.186279296875e-5
2.1164279513888888e-5
2.048882378472222e-5
2.0084635416666667e-5
1.8886990017361112e-5
1.8394639756944446e-5
1.8302408854166667e-5
1.778564453125e-5
1.7533365885416667e-5
1.7186143663194443e-5
1.630859375e-5
1.6670735677083334e-5
1.6739908854166666e-5
