0.0005706488715277778
0.00019524468315972222
0.0001265285915798611
8.111300998263888e-5
5.7701280381944443e-5
4.657118055555556e-5
4.0791829427083333e-5
3.46923828125e-5
3.132052951388889e-5
2.9143608940972223e-5
2.698974609375e-5
2.540011935763889e-5
2.4560546875e-5
2.28271484375e-5
2.2174750434027776e-5
2.077907986111111e-5
1.9954427083333335e-5
1.9426812065972223e-5
1.897650824652778e-5
1.861029730902778e-5
1.7827690972222223e-5
1.74560546875e-5
1.7864312065972222e-5
1.7000325520833335e-5
1.6910807291666668e-5
1.5972222222222224e-5
1.625705295138889e-5
1.6143120659722222e-5
1.566433376736111e-5
1.533203125e-5
