0.0018140543619791668
0.00018605278862847223
0.00010326470269097223
7.240668402777778e-5
5.601128472222222e-5
4.611273871527778e-5
3.9823404947916665e-5
3.548041449652778e-5
3.1266276041666666e-5
2.8819444444444443e-5
2.6577419704861113e-5
2.4773491753472224e-5
2.411159939236111e-5
2.3436143663194443e-5
2.1831597222222222e-5
2.108425564236111e-5
2.0359971788194443e-5
1.967502170138889e-5
1.9303385416666665e-5
1.87744140625e-5
1.8739149305555554e-5
1.8037923177083332e-5
1.7925347222222222e-5
1.792941623263889e-5
1.7420789930555557e-5
1.7454698350694444e-5
1.7135959201388888e-5
1.6819932725694443e-5
1.6932508680555556e-5
1.7039659288194446e-5
