0.0019612196180555557
0.0002010837131076389
0.00011510959201388889
7.738172743055555e-5
5.842013888888889e-5
4.671630859375e-5
3.970540364583333e-5
3.420274522569444e-5
3.1949869791666665e-5
2.966579861111111e-5
2.6775444878472223e-5
2.4644639756944445e-5
2.3274739583333335e-5
2.2969563802083335e-5
2.1287706163194446e-5
2.0775010850694445e-5
2.0319281684027777e-5
1.9234212239583333e-5
1.8918185763888888e-5
1.8355305989583335e-5
1.8314615885416666e-5
1.742757161458333e-5
1.6851128472222222e-5
1.70654296875e-5
1.62109375e-5
1.574435763888889e-5
1.5401204427083335e-5
1.5138075086805556e-5
1.4854600694444444e-5
1.4847819010416666e-5
