0.0005669786241319445
0.00022104356553819443
0.0001360283745659722
8.630777994791666e-5
6.515842013888889e-5
5.233561197916667e-5
4.388156467013889e-5
3.9180501302083335e-5
3.474392361111111e-5
3.0687120225694444e-5
2.8891330295138887e-5
2.6318359375e-5
2.4833170572916666e-5
2.3682996961805555e-5
2.1910264756944445e-5
2.128363715277778e-5
2.117648654513889e-5
2.0109049479166668e-5
1.9162326388888888e-5
1.8919542100694446e-5
1.8187120225694445e-5
1.7064073350694443e-5
1.6590711805555557e-5
1.6266547309027776e-5
1.563042534722222e-5
1.5378146701388888e-5
1.4982096354166667e-5
1.4215766059027779e-5
1.4153374565972223e-5
1.3907877604166666e-5
