0.06609429253472222	0.03281521267361111	0.011799791124131945	0.0036586656358506943	0.0012923549397786459
0.05053371853298611	0.015822347005208334	0.002657470703125	0.00034299180772569444	4.185770670572917e-5
0.044789632161458336	0.012749565972222222	0.0018151177300347221	0.00018589680989583332	1.8047688802083332e-5
0.043284098307291664	0.011281331380208334	0.001418728298611111	0.00012171088324652778	8.430718315972222e-6
0.042304144965277776	0.010750325520833333	0.001189303927951389	8.680555555555556e-5	4.7415500217013885e-6
0.041937934027777776	0.010233561197916666	0.0010253228081597223	6.78955078125e-5	3.2483588324652776e-6
0.04152086046006945	0.009970431857638889	0.0009398057725694444	5.570339626736111e-5	2.4406602647569443e-6
0.041483561197916664	0.00957302517361111	0.0008835177951388889	4.7492133246527776e-5	1.9340684678819446e-6
0.04144626193576389	0.009423149956597222	0.0008060031467013889	4.227294921875e-5	1.5983072916666667e-6
0.040730794270833336	0.009248860677083333	0.0008075629340277778	3.8525390625e-5	1.4230685763888888e-6
0.04051038953993055	0.009254286024305556	0.0007722303602430556	3.422444661458333e-5	1.2162950303819444e-6
0.04081895616319445	0.009130181206597223	0.0007416449652777778	3.2234700520833334e-5	1.0989040798611111e-6
0.040547688802083336	0.008980305989583333	0.0007120090060763888	3.0506727430555556e-5	1.0735405815972223e-6
0.04027981228298611	0.008871799045138889	0.0006963433159722222	2.770724826388889e-5	9.610324435763888e-7
0.04034084743923611	0.008846028645833334	0.0006815592447916666	2.751736111111111e-5	9.098985460069445e-7
0.040184868706597224	0.008802625868055556	0.0006840684678819445	2.6331922743055555e-5	8.677842881944444e-7
0.040245903862847224	0.008664957682291667	0.0006566026475694444	2.510308159722222e-5	8.431667751736112e-7
0.04014756944444445	0.008633083767361112	0.0006554497612847222	2.3493109809027777e-5	8.371310763888889e-7
0.04020521375868055	0.008634440104166667	0.0006359185112847222	2.2804090711805557e-5	7.913547092013888e-7
0.04025607638888889	0.008570014105902777	0.0006279839409722223	2.233208550347222e-5	7.581244574652778e-7
0.040395100911458336	0.008547634548611112	0.0006193033854166667	2.1506076388888888e-5	7.499186197916666e-7
0.03984239366319445	0.008559163411458333	0.0006133355034722223	2.0701768663194446e-5	7.499186197916666e-7
0.03997463650173611	0.008553059895833333	0.0006180148654513889	1.995035807291667e-5	7.087537977430555e-7
0.03999159071180555	0.008636474609375	0.0006159803602430556	1.93359375e-5	7.021077473958334e-7
0.03996107313368055	0.008534071180555556	0.0005975341796875	1.9144694010416666e-5	6.679958767361111e-7
0.03988986545138889	0.008422173394097222	0.0005846489800347222	1.8680826822916666e-5	6.631130642361111e-7
0.03982204861111111	0.00850490993923611	0.0005714246961805555	1.7694769965277778e-5	6.719292534722222e-7
0.04000515407986111	0.0084228515625	0.0005690511067708334	1.732177734375e-5	6.552463107638889e-7
0.039947509765625	0.00832180447048611	0.0005654568142361111	1.6923014322916666e-5	6.531439887152778e-7
0.04006618923611111	0.00831570095486111	0.0005533854166666667	1.6685655381944444e-5	6.551106770833333e-7
