0.0005669786241319445
0.00022104356553819443
0.0001384006076388889
9.797498914930556e-5
7.567816840277778e-5
6.161838107638889e-5
5.252685546875e-5
4.5841471354166666e-5
4.0934244791666665e-5
3.7388780381944444e-5
3.396945529513889e-5
3.140326605902778e-5
2.8899468315972223e-5
2.776828342013889e-5
2.6365831163194445e-5
2.3834906684027776e-5
2.344428168402778e-5
2.1915690104166665e-5
2.066379123263889e-5
2.0396592881944446e-5
1.9384765625e-5
1.908908420138889e-5
1.8866644965277778e-5
1.770290798611111e-5
1.753472222222222e-5
1.745334201388889e-5
1.696506076388889e-5
1.6890462239583333e-5
1.65771484375e-5
1.6451009114583334e-5
