0.0005706488715277778
0.00019524468315972222
0.0001318359375
0.00010136447482638889
8.33251953125e-5
7.254096137152778e-5
6.566433376736111e-5
6.055365668402778e-5
5.687255859375e-5
5.394287109375e-5
5.0146484375e-5
4.8540581597222225e-5
4.6697319878472225e-5
4.561360677083333e-5
4.436170789930556e-5
4.378662109375e-5
4.310845269097222e-5
4.2951117621527775e-5
4.2266167534722225e-5
4.179958767361111e-5
4.0840657552083335e-5
4.0699598524305555e-5
3.9934624565972224e-5
3.999837239583333e-5
3.9455837673611114e-5
3.9598253038194445e-5
3.8818359375e-5
3.8682725694444444e-5
3.8743760850694444e-5
3.8285319010416665e-5
