0.0005096788194444444
0.0001952487521701389
0.00012435438368055556
8.948974609375e-5
6.974690755208334e-5
5.8158365885416665e-5
4.92919921875e-5
4.293619791666667e-5
3.890245225694445e-5
3.5413953993055554e-5
3.250054253472222e-5
2.9745822482638888e-5
2.824164496527778e-5
2.656521267361111e-5
2.5474717881944445e-5
2.3927137586805555e-5
2.3125542534722222e-5
2.233344184027778e-5
2.1744791666666667e-5
2.0614963107638887e-5
1.9870334201388888e-5
1.9169108072916666e-5
1.8604871961805555e-5
1.801486545138889e-5
1.798095703125e-5
1.702609592013889e-5
1.7091200086805556e-5
1.677517361111111e-5
1.6541883680555555e-5
1.565212673611111e-5
