0.0005223185221354166
0.00020635172526041665
0.0001320583767361111
9.370252821180556e-5
7.228597005208333e-5
5.7865397135416663e-5
4.9745008680555554e-5
4.566379123263889e-5
3.9762369791666665e-5
3.570149739583333e-5
3.258056640625e-5
2.9721408420138887e-5
2.7894422743055555e-5
2.6679144965277778e-5
2.4754503038194443e-5
2.3668077256944444e-5
2.2197808159722223e-5
2.1531846788194446e-5
2.159966362847222e-5
2.0705837673611112e-5
1.973605685763889e-5
1.917995876736111e-5
1.8958875868055557e-5
1.8693033854166668e-5
1.8117947048611112e-5
1.7127821180555555e-5
1.7460123697916668e-5
1.6834852430555557e-5
1.6929796006944444e-5
1.5850151909722224e-5
