0.0005223185221354166
0.00020635172526041665
0.0001265869140625
8.004014756944444e-5
5.886773003472222e-5
4.729275173611111e-5
3.8429090711805554e-5
3.383924696180556e-5
3.0117458767361112e-5
2.7232530381944445e-5
2.494167751736111e-5
2.336697048611111e-5
2.237820095486111e-5
2.1226671006944446e-5
2.0399305555555554e-5
1.9532606336805555e-5
1.9121636284722223e-5
1.814236111111111e-5
1.767849392361111e-5
1.6844346788194444e-5
1.7017957899305557e-5
1.5995279947916667e-5
1.613498263888889e-5
1.5528700086805555e-5
1.5873209635416667e-5
1.58447265625e-5
1.5601942274305554e-5
1.4967176649305556e-5
1.4415147569444444e-5
1.385769314236111e-5
