0.5269703125
0.016159374999999976
0.00489375000000003
0.0025367187500000554
0.001764062500000052
0.00141953125000005
0.0012124999999999497
0.0010742187500000222
0.0009796874999999927
0.0009046874999999455
0.0008562500000000028
0.0008203125000000311
0.0007937500000000375
0.000765624999999992
0.0007460937500000098
0.0007304687500000462
0.0007140624999999456
0.0007054687499999934
0.0006945312499999634
0.0006867187500000371
0.0006781249999999739
0.0006679687499999698
0.0006640624999999512
0.0006601562500000435
0.0006507812499999543
0.0006445312499999689
0.0006398437500000353
0.0006359375000000167
0.000632812500000024
0.0006312499999999721
