0.994140625	0.94453125	0.8034765625	0.6230820312500001	0.48277890625
0.671875	0.263671875	0.056601562500000036	0.01230312499999997	0.007571406249999968
0.51171875	0.17109375000000004	0.026093750000000027	0.003966406249999999	0.002363984374999961
0.466796875	0.14335937499999996	0.01781250000000001	0.001376562499999956	9.191406249997591e-5
0.451171875	0.12734374999999998	0.014179687499999982	0.0009171875000000274	4.773437500005251e-5
0.443359375	0.119140625	0.012109374999999978	0.0006960937500000153	3.429687500000611e-5
0.4375	0.11406249999999996	0.01082031250000004	0.0005890625000000149	2.765625000000771e-5
0.431640625	0.10898437500000002	0.009921874999999969	0.0004960937500000373	2.3867187500026255e-5
0.427734375	0.10468750000000004	0.009335937499999947	0.0004429687500000501	2.152343749994845e-5
0.423828125	0.10234374999999996	0.008828124999999964	0.00039999999999995595	1.972656250004423e-5
0.421875	0.1015625	0.008437499999999987	0.0003617187500000174	1.87890624999687e-5
0.421875	0.10117187500000002	0.008320312499999982	0.0003460937500000538	1.796875000004139e-5
0.419921875	0.09999999999999998	0.008046875000000009	0.00032578125000004565	1.703124999996586e-5
0.41796875	0.099609375	0.0076953124999999956	0.000310937499999997	1.6562500000039115e-5
0.41796875	0.09921875000000002	0.007578124999999991	0.0002976562500000002	1.605468749998895e-5
0.41796875	0.09882812500000004	0.007460937499999987	0.0002851562500000293	1.5585937499951186e-5
0.41796875	0.09765625	0.007382812499999947	0.0002718750000000325	1.519531250004924e-5
0.416015625	0.09726562500000002	0.007226562499999978	0.00026328124999996927	1.4960937499974847e-5
0.412109375	0.09609374999999998	0.007031250000000044	0.00025703124999998384	1.4882812499950049e-5
0.412109375	0.095703125	0.00691406250000004	0.0002484375000000316	1.4687499999999076e-5
0.41015625	0.095703125	0.0067187499999999956	0.00023906250000005347	1.453124999994948e-5
0.41015625	0.09414062499999998	0.006640624999999956	0.00023515625000003482	1.4453125000035705e-5
0.41015625	0.09335937500000002	0.006601562499999991	0.0002296874999999643	1.425781249997371e-5
0.41015625	0.09335937500000002	0.006523437499999951	0.00022656249999997158	1.4218749999961311e-5
0.41015625	0.09335937500000002	0.006328125000000018	0.00022031249999998614	1.4179687499948912e-5
0.408203125	0.09296875000000004	0.006328125000000018	0.00021796875000001936	1.4140625000047535e-5
0.40625	0.09257812499999996	0.006210937500000013	0.00021328124999997478	1.3906249999973141e-5
0.40625	0.09257812499999996	0.006171875000000049	0.00021015624999998206	1.3867187499960743e-5
0.40625	0.09218749999999998	0.006093750000000009	0.00020703124999998934	1.3710937500022169e-5
0.404296875	0.09218749999999998	0.006093750000000009	0.0002031249999999707	1.3710937500022169e-5
