0.44282968749999996
0.007272656249999954
0.002994531250000043
0.0012953125000000343
0.0008523437499999842
0.0006812499999999666
0.0005601562500000545
0.0004804687499999627
0.00042890625000002736
0.00038984374999995186
0.00036250000000004334
0.00033359374999997193
0.00031484375000001563
0.00029687499999997424
0.00028125000000001066
0.0002687500000000398
0.00025781250000000977
0.00024687499999997975
0.00023593749999994973
0.00022343749999997886
0.00021484375000002665
0.0002054687500000485
0.00020234374999994476
0.0002007812500000039
0.0001929687499999666
0.00019062499999999982
0.00018906249999994795
0.00018828125000003304
0.00018671874999998117
0.00018359374999998845
