0.02432890624999995
0.003661718749999987
0.0020906250000000126
0.0014445312499999918
0.0011031249999999826
0.0008828124999999964
0.000732031249999987
0.0006359375000000167
0.00056640625000004
0.0005085937500000082
0.0004562500000000469
0.00042656249999994955
0.00039140625000000373
0.00036640624999995097
0.0003429687499999501
0.0003296874999999533
0.00031250000000004885
0.0003039062499999856
0.0002929687499999556
0.00028359374999997744
0.0002742187499999993
0.000266406249999962
0.0002617187500000284
0.00025234375000005027
0.0002460937499999538
0.00024140625000002025
0.00023671874999997566
0.00023359374999998295
0.00023125000000001616
0.00022578124999994564
