0.5041890625000001
0.013721874999999994
0.004142968749999976
0.0021562499999999707
0.0014382812500000064
0.0010671875000000108
0.0008671875000000329
0.0007398437500000243
0.0006249999999999867
0.0005570312499999508
0.0005046874999999895
0.0004617187500000064
0.00042656249999994955
0.0004039062499999746
0.0003820312500000256
0.0003640624999999842
0.00034921875000004654
0.00033125000000000515
0.00031484375000001563
0.00029999999999996696
0.00029140625000001474
0.0002789062500000439
0.0002726562499999474
0.00026484375000002114
0.0002617187500000284
0.0002539062499999911
0.00025234375000005027
0.00024374999999998703
0.00024218750000004619
0.00024140625000002025
