0.30540390625
0.006448437500000015
0.002475781250000031
0.0014492187500000364
0.001032031249999954
0.0008062500000000083
0.0006515624999999803
0.0005632812500000473
0.0004960937500000373
0.0004539062499999691
0.00041328124999995275
0.00038906250000003695
0.0003617187500000174
0.00034140625000000924
0.00032812500000001243
0.00031250000000004885
0.0003007812499999929
0.00029140625000001474
0.0002804687499999847
0.0002718750000000325
0.00026484375000002114
0.0002562499999999579
0.00025156250000002434
0.0002484375000000316
0.00024374999999998703
0.00023906250000005347
0.0002320312500000421
0.00023125000000001616
0.00022656249999997158
0.00022187500000003801
