0.04368749999999999
0.0039226562499999895
0.002906249999999999
0.0017484374999999774
0.0011257812499999575
0.0008054687499999824
0.0006578124999999657
0.0005640624999999622
0.0005054687500000155
0.00044921875000003553
0.00041093749999998597
0.0003820312500000256
0.0003562499999999469
0.00033671874999996465
0.00032265625000005294
0.00030234375000004476
0.0002921875000000407
0.0002851562500000293
0.00027812500000001794
0.000266406249999962
0.0002585937500000357
0.00025468750000001705
0.00025156250000002434
0.0002476562500000057
0.00024218750000004619
0.00023828125000002753
0.0002296874999999643
0.00022890625000004938
0.00022500000000003073
0.0002242187500000048
