0.349315625
0.007136718749999993
0.0029460937499999895
0.0017249999999999766
0.0012179687500000203
0.0009445312500000469
0.0007789062499999888
0.0006445312499999689
0.000565625000000014
0.0005054687500000155
0.0004585937500000137
0.0004203124999999641
0.00039999999999995595
0.0003718750000000215
0.0003609374999999915
0.00034687499999996874
0.0003250000000000197
0.00031015624999997105
0.00030234375000004476
0.000288281250000022
0.00027812500000001794
0.00027109375000000657
0.0002617187500000284
0.0002531249999999652
0.0002484375000000316
0.0002453125000000389
0.00024374999999998703
0.00023984374999996838
0.00023515625000003482
0.00023125000000001616
