0.2680203125
0.006201562500000035
0.002375781250000042
0.0013265624999999615
0.0009335937500000169
0.0007273437500000535
0.0006085937499999972
0.000532812500000035
0.0004804687499999627
0.0004351562500000128
0.0004062500000000524
0.00037265625000004743
0.00034218750000003517
0.00032812500000001243
0.00031328124999996376
0.00030156250000001883
0.0002921875000000407
0.00028359374999997744
0.00027343749999997335
0.00027031249999998064
0.0002617187500000284
0.0002562499999999579
0.00024999999999997247
0.0002429687499999611
0.00023984374999996838
0.00023125000000001616
0.00022500000000003073
0.00022265624999995293
0.0002195312499999602
0.00021796875000001936
