0.026166406249999996
0.0038875000000000437
0.0025015624999999986
0.0014742187499999782
0.0010031249999999936
0.0007804687500000407
0.0006468750000000467
0.0005476562499999726
0.0004906249999999668
0.0004406249999999723
0.00039687499999996323
0.0003687500000000288
0.0003460937500000538
0.0003250000000000197
0.0003054687500000375
0.00029453125000000746
0.0002851562500000293
0.00027812500000001794
0.0002695312499999547
0.00026015624999997655
0.0002507812499999984
0.00024140625000002025
0.00023046874999999023
0.0002195312499999602
0.00021484375000002665
0.00021171875000003393
0.00020703124999998934
0.00020156250000002984
0.00019921874999995204
0.0001953125000000444
