0.02675546875000001
0.003515625000000022
0.002040625000000018
0.0014062500000000533
0.0010671875000000108
0.000854687499999951
0.0007406250000000503
0.0006296875000000313
0.0005585937500000027
0.0005054687500000155
0.000466406250000051
0.0004335937499999609
0.0004015625000000078
0.00037578125000004015
0.0003585937500000247
0.00033906250000004245
0.0003250000000000197
0.00031484375000001563
0.0003039062499999856
0.0002953125000000334
0.0002820312500000366
0.00027343749999997335
0.000266406249999962
0.00025781250000000977
0.0002531249999999652
0.0002460937499999538
0.00024218750000004619
0.000232812499999957
0.00023046874999999023
0.0002273437499999975
