0.993465625
0.12353984375000004
0.013289843749999974
0.0034773437499999726
0.0011812500000000226
0.0008468750000000247
0.0006710937499999625
0.0005585937500000027
0.00048671874999994813
0.00044453124999999094
0.0004117187500000119
0.00038124999999999964
0.0003617187500000174
0.00034453125000000195
0.0003273437499999865
0.00031796875000000835
0.0003085937500000302
0.00029921875000005205
0.0002898437499999629
0.0002789062500000439
0.0002718750000000325
0.00026484375000002114
0.0002609375000000025
0.0002585937500000357
0.0002562499999999579
0.00024999999999997247
0.00024453125000001297
0.00024218750000004619
0.00023984374999996838
0.00023828125000002753
