0.24129687499999997
0.006118749999999951
0.002288281250000024
0.0012679687500000147
0.0009195312499999941
0.0007414062499999652
0.0006414062499999762
0.0005562500000000359
0.0004960937500000373
0.0004531250000000542
0.0004203124999999641
0.00038984374999995186
0.000377343749999981
0.00036015624999996554
0.00034687499999996874
0.0003296874999999533
0.00032109375000000107
0.00031562500000004157
0.00031015624999997105
0.0002976562500000002
0.0002929687499999556
0.000288281250000022
0.0002851562500000293
0.0002828124999999515
0.0002789062500000439
0.000277343749999992
0.00027343749999997335
0.00026796875000001386
0.00026796875000001386
0.0002656250000000471
