0.04368749999999999
0.0039226562499999895
0.0023242187499999956
0.0017242187499999506
0.0013953125000000233
0.0012234374999999797
0.001097656250000023
0.0010117187499999458
0.000954687500000051
0.0009132812500000087
0.0008640625000000401
0.0008289062499999833
0.0008085937499999751
0.0007890624999999929
0.0007710937499999515
0.0007578124999999547
0.0007460937500000098
0.0007382812499999725
0.0007296875000000203
0.0007242187499999497
0.0007156249999999975
0.0007093750000000121
0.0007039062500000526
0.0006968750000000412
0.0006929687500000226
0.0006914062499999707
0.0006867187500000371
0.0006843749999999593
0.0006812499999999666
0.0006789062499999998
