0.02675546875000001
0.003515625000000022
0.00250859375000001
0.0014843749999999822
0.0010070312500000123
0.0007710937499999515
0.0006289062500000053
0.0005304687499999572
0.00046562500000002505
0.0004117187500000119
0.00038124999999999964
0.00035468750000000604
0.00033437499999999787
0.0003171874999999824
0.0003007812499999929
0.000288281250000022
0.00027812500000001794
0.0002695312499999547
0.0002640624999999952
0.0002585937500000357
0.00025156250000002434
0.00024374999999998703
0.00023984374999996838
0.00023359374999998295
0.00022890625000004938
0.00022343749999997886
0.00022031249999998614
0.0002164062499999675
0.00021484375000002665
0.000210937500000008
