0.824540625
0.024298437500000047
0.005721874999999987
0.0016007812499999607
0.0009234375000000128
0.000699218750000008
0.0005726562500000254
0.0004937499999999595
0.00043124999999999414
0.000388281250000011
0.0003585937500000247
0.00033125000000000515
0.0003031249999999597
0.0002906249999999888
0.0002828124999999515
0.00027109375000000657
0.0002609375000000025
0.00025468750000001705
0.00024687499999997975
0.00023984374999996838
0.00023437500000000888
0.00022812500000002345
0.00022031249999998614
0.00021718749999999343
0.00021249999999994884
0.00020781250000001528
0.00020390624999999662
0.00019999999999997797
0.00019687499999998526
0.00019374999999999254
