0.24413906249999995
0.004638281249999987
0.00238515625000002
0.0013828125000000524
0.0009531249999999991
0.0007468750000000357
0.0006078124999999712
0.0005140624999999677
0.0004539062499999691
0.0004117187500000119
0.0003695312500000547
0.00034687499999996874
0.00032265625000005294
0.0003085937500000302
0.00029453125000000746
0.0002804687499999847
0.0002726562499999474
0.00025781250000000977
0.00025156250000002434
0.0002453125000000389
0.00023671874999997566
0.00022656249999997158
0.00022109375000001208
0.00021562500000005258
0.00021171875000003393
0.00020781250000001528
0.00020234374999994476
0.00019999999999997797
0.00019609374999995932
0.00019374999999999254
