0.48872890625
0.011621093749999978
0.004207031249999993
0.002409375000000047
0.001620312500000054
0.001197656250000012
0.0009585937499999586
0.0008046874999999565
0.0006945312499999634
0.0006078124999999712
0.0005523437500000172
0.00049921875000003
0.0004648437499999991
0.0004351562500000128
0.00041250000000003784
0.00039140625000000373
0.00037343749999996234
0.0003609374999999915
0.00034765624999999467
0.00032812500000001243
0.0003140624999999897
0.0003039062499999856
0.00029140625000001474
0.00028359374999997744
0.0002718750000000325
0.0002671874999999879
0.0002593749999999506
0.0002539062499999911
0.00024921874999994653
0.00024218750000004619
