0.02432890624999995
0.003661718749999987
0.0024382812500000073
0.0014164062499999464
0.0009398437500000023
0.0007085937499999861
0.0005789062500000108
0.00048828125
0.0004406249999999723
0.0003851562500000183
0.00035468750000000604
0.00033125000000000515
0.00031250000000004885
0.0002984375000000261
0.0002796874999999588
0.00027109375000000657
0.0002593749999999506
0.00024999999999997247
0.0002429687499999611
0.00023515625000003482
0.00022890625000004938
0.00022656249999997158
0.0002187500000000453
0.00021484375000002665
0.00021249999999994884
0.000210937500000008
0.00020937499999995612
0.0002054687500000485
0.00019999999999997797
0.0001953125000000444
