0.026166406249999996
0.0038875000000000437
0.0022039062499999984
0.0015117187500000018
0.0011281250000000353
0.0009031250000000046
0.0007523437499999952
0.000666406250000029
0.0005781249999999849
0.0005234374999999458
0.0004796875000000478
0.00044218750000002416
0.00041250000000003784
0.00038593750000004423
0.0003671874999999769
0.00034218750000003517
0.00032265625000005294
0.0003085937500000302
0.0002937499999999815
0.00028125000000001066
0.0002726562499999474
0.0002640624999999952
0.00025703124999998384
0.0002484375000000316
0.00024453125000001297
0.00023906250000005347
0.00023515625000003482
0.00023359374999998295
0.00023125000000001616
0.0002273437499999975
