0.49173046875000004
0.012428125000000012
0.0041781250000000325
0.0022039062499999984
0.001475000000000004
0.0010921874999999526
0.0008781249999999519
0.0007390624999999984
0.0006406249999999503
0.0005718749999999995
0.000510937499999975
0.0004695312500000437
0.0004335937499999609
0.00040234375000003375
0.00037578125000004015
0.00036015624999996554
0.00034687499999996874
0.00033359374999997193
0.0003195312499999492
0.00031250000000004885
0.00030468750000001155
0.00029140625000001474
0.00028125000000001066
0.0002726562499999474
0.000266406249999962
0.00026250000000005436
0.00025781250000000977
0.00024921874999994653
0.00024374999999998703
0.00024062499999999432
