1.0	0.986953125	0.881109375	0.5997789062500001	0.31045500000000004
0.9125	0.518125	0.15161718749999997	0.024901562499999974	0.003313906250000054
0.7484375	0.32375	0.07217968750000003	0.009769531250000019	0.0009883593749999697
0.6796875	0.26749999999999996	0.052539062499999956	0.0062976562500000055	0.0005459374999999822
0.6453125	0.238046875	0.04325781250000005	0.004604687499999982	0.0003515625000000133
0.62109375	0.22367187499999996	0.037507812500000015	0.0036335937500000526	0.0002474999999999561
0.60859375	0.21382812500000004	0.03371875000000002	0.0029570312500000195	0.0001874218749999823
0.6	0.2059375	0.03075781249999998	0.0025046874999999913	0.00014953124999994571
0.5921875	0.19976562499999995	0.028718750000000015	0.0022015625000000316	0.0001254687499999685
0.5890625	0.1946875	0.02703124999999995	0.0019671875000000227	0.00010609375000003585
0.5875	0.19132812499999996	0.025710937499999975	0.0017796875000000156	9.42968749999551e-5
0.5859375	0.18796875000000002	0.024523437499999967	0.0016257812500000135	8.289062499999833e-5
0.584375	0.18585937500000005	0.023632812500000044	0.0014835937499999563	7.460937500003428e-5
0.58359375	0.183359375	0.022703125000000046	0.0013804687499999746	6.773437499996149e-5
0.58203125	0.18117187499999998	0.02189843749999998	0.0012937499999999824	6.257812499999016e-5
0.5796875	0.17921874999999998	0.021359374999999958	0.0012156250000000535	5.7734375000007e-5
0.57890625	0.17781250000000004	0.020781249999999973	0.001153906250000003	5.406249999995172e-5
0.57890625	0.176875	0.020234375000000027	0.0011023437499999567	5.078125000002043e-5
0.57734375	0.17585937500000004	0.019960937500000053	0.0010554687499999549	4.789062499999108e-5
0.5765625	0.174921875	0.019546874999999964	0.0010078125000000382	4.6640625000038405e-5
