0.035902284007352944
0.00960752872242647
0.0017477458639705882
0.0004238855698529412
0.00019530905330882354
0.00012494485294117647
9.355813419117647e-5
7.383616727941176e-5
6.079618566176471e-5
5.233340992647059e-5
4.5189568014705885e-5
4.066176470588235e-5
3.632582720588235e-5
3.224724264705882e-5
3.023667279411765e-5
2.818704044117647e-5
2.6529181985294116e-5
2.5306755514705882e-5
2.4232536764705882e-5
2.3280101102941175e-5
2.224954044117647e-5
2.1062729779411766e-5
2.0333180147058824e-5
1.9620863970588236e-5
1.9154411764705882e-5
1.8391544117647058e-5
1.7787224264705884e-5
1.7456341911764706e-5
1.8313419117647057e-5
1.7284007352941175e-5
