0.05558666475183824
0.023660440027573528
0.0077543704044117645
0.002401043198529412
0.00089880859375
0.0004345645680147059
0.00026232766544117647
0.00018637867647058824
0.00014574793198529411
0.0001184375
9.857996323529412e-5
8.368566176470588e-5
7.304802389705882e-5
6.522058823529412e-5
5.976907169117647e-5
5.5737591911764704e-5
5.3031939338235295e-5
5.076631433823529e-5
4.9494485294117647e-5
4.760914522058824e-5
4.5320542279411764e-5
4.312844669117647e-5
4.13039981617647e-5
3.994255514705882e-5
3.8504136029411764e-5
3.794002757352941e-5
3.671645220588235e-5
3.5390625e-5
3.4686351102941174e-5
3.369829963235294e-5
