0.00044342486213235296
7.475183823529411e-5
4.485064338235294e-5
3.508501838235294e-5
2.920496323529412e-5
2.551700367647059e-5
2.331801470588235e-5
2.183823529411765e-5
2.061810661764706e-5
1.9466911764705883e-5
1.9011948529411765e-5
1.8130744485294116e-5
1.776769301470588e-5
1.7272518382352943e-5
1.6954273897058822e-5
1.693704044117647e-5
1.6655560661764704e-5
1.6276424632352943e-5
1.6120174632352942e-5
1.618566176470588e-5
1.5666360294117646e-5
1.525390625e-5
1.5233226102941176e-5
1.4926470588235295e-5
1.5181525735294118e-5
1.4832261029411764e-5
1.453814338235294e-5
1.4551930147058824e-5
1.4480698529411765e-5
1.4510569852941176e-5
