0.0036004067095588236
0.0003046047794117647
0.0001420645680147059
9.411190257352942e-5
7.220013786764706e-5
6.053883272058823e-5
5.303308823529412e-5
4.746668198529412e-5
4.327780330882353e-5
4.131204044117647e-5
3.9921875e-5
3.7562040441176474e-5
3.561925551470588e-5
3.566865808823529e-5
3.427389705882353e-5
3.270565257352941e-5
3.1993336397058826e-5
3.1762408088235295e-5
3.0975413602941176e-5
3.064682904411765e-5
2.9910386029411765e-5
3.0457261029411766e-5
2.9620863970588236e-5
2.980238970588235e-5
2.9574908088235296e-5
2.961971507352941e-5
2.9178538602941175e-5
2.879480698529412e-5
2.8650045955882354e-5
2.8807444852941177e-5
