0.0016477136948529411
0.00015403033088235294
7.924747242647059e-5
5.402228860294118e-5
4.112706801470588e-5
3.313419117647059e-5
2.9142922794117646e-5
2.5443474264705884e-5
2.288717830882353e-5
2.0782398897058822e-5
1.8582261029411766e-5
1.7264476102941176e-5
1.741842830882353e-5
1.6529181985294117e-5
1.601792279411765e-5
1.5574448529411766e-5
1.4988511029411765e-5
1.4715073529411766e-5
1.4811580882352941e-5
1.3887867647058824e-5
1.3357077205882352e-5
1.3251378676470588e-5
1.3012408088235295e-5
1.2806755514705882e-5
1.2550551470588235e-5
1.224954044117647e-5
1.2109375e-5
1.2127757352941177e-5
1.1488970588235294e-5
1.128561580882353e-5
