0.0002973494944852941
4.5052849264705884e-5
2.875e-5
2.3576516544117645e-5
1.9818474264705882e-5
1.7690716911764706e-5
1.603515625e-5
1.5014935661764705e-5
1.4375e-5
1.4033777573529412e-5
1.3507582720588235e-5
1.2972196691176471e-5
1.2609145220588236e-5
1.254250919117647e-5
1.2240349264705883e-5
1.1800321691176471e-5
1.1657858455882354e-5
1.1553308823529411e-5
1.1690027573529412e-5
1.0799632352941177e-5
1.1020220588235294e-5
1.0739889705882352e-5
1.0966222426470588e-5
1.0614659926470589e-5
1.0541130514705883e-5
1.07421875e-5
1.0602022058823529e-5
1.0482536764705882e-5
1.0187270220588235e-5
1.030905330882353e-5
