0.00040027573529411765
0.0001255078125
8.139705882352941e-5
5.876148897058824e-5
4.6971507352941175e-5
3.9253216911764705e-5
3.245289522058823e-5
2.8515625e-5
2.5503216911764707e-5
2.2951516544117647e-5
2.1508501838235296e-5
1.9926470588235296e-5
1.8894761029411766e-5
1.803653492647059e-5
1.7146139705882352e-5
1.658203125e-5
1.5662913602941177e-5
1.546185661764706e-5
1.4838005514705882e-5
1.377297794117647e-5
1.3648897058823529e-5
1.302734375e-5
1.2149586397058823e-5
1.2001378676470588e-5
1.1904871323529412e-5
1.198874080882353e-5
1.1441865808823529e-5
1.1336167279411764e-5
1.123391544117647e-5
1.0642233455882353e-5
