0.24508984374999998
0.008159374999999969
0.002432031250000022
0.0014937499999999604
0.0011226562499999648
0.0009234375000000128
0.0007804687500000407
0.0006789062499999998
0.0006179687499999753
0.0005671874999999549
0.0005203124999999531
0.00048828125
0.0004671874999999659
0.00043437499999998685
0.00041640624999994547
0.00039999999999995595
0.0003906249999999778
0.00037656249999995506
0.00036328124999995826
0.000355468750000032
0.00034921875000004654
0.00034140625000000924
0.00033359374999997193
0.00032656249999996056
0.0003187500000000343
0.00031484375000001563
0.0003093749999999451
0.00030703124999997833
0.00029921875000005205
0.00029453125000000746
