1.0
0.98643828125
0.62576796875
0.22203828125000002
0.07494687499999997
0.03029531249999995
0.014807031250000047
0.008646875000000054
0.005737499999999951
0.004168750000000054
0.0032460937499999565
0.002684374999999961
0.0022781250000000197
0.0020000000000000018
0.001785937500000001
0.001609375000000024
0.0014773437499999709
0.0013734374999999632
0.0012859374999999451
0.0012164062499999684
0.001165624999999948
0.0011085937500000531
0.0010609375000000254
0.0010289062499999613
0.0009914062500000487
0.000953906250000025
0.0009289062499999723
0.00089843749999996
0.0008718749999999664
0.0008531250000000101
