1.0
1.0
0.99978515625
0.98533046875
0.867634375
0.62981640625
0.39191718750000004
0.22818593750000005
0.1315515625
0.07855937499999999
0.04891484374999999
0.03183124999999998
0.021739062500000017
0.01560859375000001
0.011803906250000051
0.009209374999999964
0.007395312500000029
0.006129687499999981
0.005214843750000031
0.004493749999999963
0.003942968749999998
0.003507812499999985
0.003175000000000039
0.0029148437499999513
0.0026664062500000307
0.0024796875000000496
0.002318750000000036
0.0021898437499999757
0.0020781250000000417
0.0019898437499999977
