0.05823437499999995
0.0021117187500000467
0.0009226562499999869
0.0006828125000000185
0.000576562500000044
0.0005023437500000227
0.00046562500000002505
0.00043906250000003144
0.0004203124999999641
0.00040546875000002647
0.0003937499999999705
0.0003796874999999478
0.00037265625000004743
0.00036796875000000284
0.0003640624999999842
0.00035781249999999876
0.00035234375000003926
0.0003484375000000206
0.0003429687499999501
0.00033906250000004245
0.00033593750000004974
0.0003320312500000311
0.0003296874999999533
0.00032890625000003837
0.00032812500000001243
0.00032578125000004565
0.0003250000000000197
0.0003250000000000197
0.00032265625000005294
0.00032109375000000107
