0.891859375
0.06381328124999996
0.006503125000000054
0.001619531250000028
0.0010640625000000181
0.0008226562499999979
0.000687499999999952
0.0005984374999999931
0.0005351562500000018
0.00048749999999997407
0.0004414062499999982
0.00041796874999999734
0.00039453124999999645
0.0003695312500000547
0.00035468750000000604
0.00034218750000003517
0.0003320312500000311
0.0003195312499999492
0.00031328124999996376
0.00030703124999997833
0.00029687499999997424
0.0002921875000000407
0.000288281250000022
0.00028359374999997744
0.0002796874999999588
0.00027343749999997335
0.0002695312499999547
0.00026796875000001386
0.00026484375000002114
0.0002617187500000284
