1.0
0.974575
0.39712812500000005
0.08094140625000001
0.021145312499999958
0.00593750000000004
0.0026374999999999593
0.001898437499999961
0.001519531250000039
0.0012796874999999597
0.0010843750000000263
0.0009476562500000396
0.0008601562500000215
0.0007789062499999888
0.000710156250000038
0.0006562500000000249
0.0006109374999999639
0.0005820312500000036
0.0005593750000000286
0.0005343749999999758
0.0005093750000000341
0.0004929687500000446
0.00047656250000005507
0.0004601562499999545
0.0004484375000000096
0.00044218750000002416
0.0004335937499999609
0.00042421874999998277
0.00041328124999995275
0.00040234375000003375
