0.27585234375
0.009292187500000049
0.00238515625000002
0.0013523437500000401
0.0009929687499999895
0.0008007812500000488
0.0006742187499999552
0.0006085937499999972
0.0005539062499999581
0.0005054687500000155
0.00047109374999998455
0.00044765624999998366
0.00042578125000003464
0.0004171874999999714
0.0004062500000000524
0.0003937499999999705
0.0003828125000000515
0.00037343749999996234
0.0003687500000000288
0.0003593750000000506
0.0003484375000000206
0.000343749999999976
0.00033906250000004245
0.00033437499999999787
0.00032578125000004565
0.00032265625000005294
0.00031796875000000835
0.00031562500000004157
0.00031015624999997105
0.00030703124999997833
