0.03569687499999996
0.0033250000000000224
0.0023335937499999737
0.00152109374999998
0.0010492187499999694
0.0007937500000000375
0.0006593750000000176
0.0005718749999999995
0.000510937499999975
0.0004703124999999586
0.00043749999999997957
0.0004140624999999787
0.0003906249999999778
0.0003671874999999769
0.0003539062499999801
0.00033984374999995737
0.0003250000000000197
0.0003164062499999565
0.0003117187500000229
0.0003062499999999524
0.0003007812499999929
0.0002921875000000407
0.000288281250000022
0.00028359374999997744
0.0002804687499999847
0.00027656249999996607
0.0002742187499999993
0.0002695312499999547
0.000266406249999962
0.00026328124999996927
