0.06054921874999997
0.0035585937500000053
0.0012398437499999693
0.0008484374999999655
0.0007132812500000307
0.0006445312499999689
0.0005898437500000409
0.0005609374999999694
0.0005289062500000163
0.0005093750000000341
0.00049921875000003
0.00048749999999997407
0.00047421874999997726
0.0004671874999999659
0.0004617187500000064
0.000454687499999995
0.00044921875000003553
0.0004453125000000169
0.0004414062499999982
0.00043984374999994635
0.00043671874999995364
0.0004335937499999609
0.00042890625000002736
0.00042343749999995683
0.00042343749999995683
0.00041875000000002327
0.00041562500000003055
0.0004140624999999787
0.00041250000000003784
0.00041093749999998597
