0.03708660210503472
0.01131178724500868
0.0028570054796006944
0.0008085720486111111
0.0003238579644097222
0.00018319837782118057
0.00012945488823784722
0.00010285983615451389
8.538479275173612e-5
7.113037109375e-5
5.9307861328125e-5
5.126071506076389e-5
4.530232747395833e-5
4.0997314453125e-5
3.825344509548611e-5
3.597412109375e-5
3.369140625e-5
3.2219102647569445e-5
3.0362955729166667e-5
2.8528510199652778e-5
2.6615397135416666e-5
2.5081380208333332e-5
2.438015407986111e-5
2.337307400173611e-5
2.2235785590277776e-5
2.145046657986111e-5
2.1059163411458335e-5
2.0699734157986113e-5
1.993950737847222e-5
1.9290500217013888e-5
