0.05251326158311632
0.030511817762586806
0.016685596381293404
0.008480877007378472
0.004132146538628472
0.002027622477213542
0.0010541985405815972
0.0006013075086805555
0.0003817348904079861
0.00026874186197916667
0.00020589396158854166
0.00016872151692708335
0.00014541558159722224
0.00012943657769097223
0.00011724989149305555
0.00010727132161458334
9.713880750868056e-5
8.7689208984375e-5
7.962510850694445e-5
7.26352267795139e-5
6.692911783854167e-5
6.210734049479167e-5
5.799967447916667e-5
5.4564751519097226e-5
5.1741536458333334e-5
4.932929144965278e-5
4.7692192925347224e-5
4.5817735460069444e-5
4.4879150390625e-5
4.4383409288194447e-5
