0.002921886528862847
0.00018395453559027778
8.769056532118056e-5
5.619439019097222e-5
4.058973524305555e-5
3.326076931423611e-5
2.9225667317708333e-5
2.5483534071180557e-5
2.3710123697916668e-5
2.2383626302083335e-5
2.1333821614583332e-5
2.035861545138889e-5
1.9681803385416667e-5
1.913994683159722e-5
1.847805447048611e-5
1.8398708767361112e-5
1.798977322048611e-5
1.7766655815972223e-5
1.7619493272569443e-5
1.728176540798611e-5
1.713189019097222e-5
1.7271592881944444e-5
1.6824001736111113e-5
1.6571723090277777e-5
1.6508653428819443e-5
1.6584608289930554e-5
1.638454861111111e-5
1.6315375434027778e-5
1.6248914930555557e-5
1.6251627604166666e-5
