1.0
0.999305859375
0.95373125
0.74161328125
0.4526609375
0.239030078125
0.12070781249999996
0.06235468749999995
0.034221484375000055
0.02022382812500001
0.012883984375000046
0.008816015625000007
0.006404296874999993
0.00489648437500001
0.0038648437499999577
0.003186718749999984
0.0027265625000000293
0.0023496093749999503
0.0020820312499999494
0.0018742187500000451
0.001686328125000025
0.0015500000000000513
0.0014347656250000007
0.001331640625000019
0.0012492187499999474
0.0011691406249999536
0.0011070312500000012
0.001053124999999988
0.0010015625000000528
0.0009507812500000323
