0.997128125
0.8497343749999999
0.37621640624999997
0.090495703125
0.023369531249999964
0.010836328125000017
0.007883984375000042
0.006644531249999974
0.005982421874999977
0.0056433593750000455
0.005359765624999957
0.005050781250000025
0.004767187500000047
0.0044671874999999694
0.0041558593749999595
0.0038351562499999714
0.003504296874999979
0.0032242187500000075
0.0029562499999999936
0.0027246093749999645
0.0025249999999999995
0.0023464843749999575
0.0022003906249999927
0.0020585937499999485
0.0019394531249999902
0.0018285156249999712
0.0017382812499999734
0.0016503906250000533
0.001565625000000015
0.0014789062500000227
