0.99995078125
0.86522421875
0.342218359375
0.08986523437500005
0.02626445312500003
0.010261328125000024
0.00529296874999996
0.003293749999999984
0.0023472656249999835
0.0018238281250000377
0.001476562499999945
0.0012507812499999993
0.0010710937500000295
0.0009464843750000007
0.0008406250000000393
0.0007675781249999458
0.0007062500000000194
0.000643750000000054
0.0005953125000000004
0.0005496093750000375
0.0005140624999999677
0.0004839843749999684
0.00045664062499994884
0.0004339843749999739
0.00041562500000003055
0.0003984375000000151
0.00038124999999999964
0.00036796875000000284
0.0003539062499999801
0.00034257812500004814
