0.0009128893809713375
0.00011173430035828025
7.066393809713376e-5
5.438644506369427e-5
4.58922173566879e-5
4.013360867834395e-5
3.587592058121019e-5
3.287096934713376e-5
3.099124203821656e-5
2.91929986066879e-5
2.8231986464968154e-5
2.6911450039808917e-5
2.568048367834395e-5
2.4664112261146498e-5
2.379640226910828e-5
2.245969347133758e-5
2.2350840963375795e-5
2.1770501592356686e-5
2.1302124800955415e-5
2.051527667197452e-5
2.0592406449044586e-5
1.9557374601910827e-5
1.9396272890127388e-5
1.8407270103503185e-5
1.8249900477707005e-5
1.7568172770700638e-5
1.7436305732484075e-5
1.719123208598726e-5
1.682362161624204e-5
1.663266321656051e-5
