0.0006704437450238853
0.00029341908837579616
0.0001857490296576433
0.00013081894406847134
0.00010153015525477706
8.321494327229299e-5
7.111365445859873e-5
6.229597929936306e-5
5.3781225119426754e-5
4.810223427547771e-5
4.384205812101911e-5
4.0814092356687896e-5
3.733765425955414e-5
3.5492759753184713e-5
3.325164211783439e-5
3.158339968152866e-5
3.0164584992038217e-5
2.8913092157643312e-5
2.7523512141719747e-5
2.708685808121019e-5
2.6050582205414013e-5
2.541985967356688e-5
2.3904632762738853e-5
2.327142217356688e-5
2.245844944267516e-5
2.2177298964968153e-5
2.1378632563694267e-5
2.0320586186305732e-5
1.998345441878981e-5
2.0163838574840765e-5
