0.14508332379578026
0.11958087554737261
0.09120547994625797
0.06197164236664013
0.037415914858678345
0.020834042222332802
0.01120723153861465
0.0061244084643710195
0.0035453199641719744
0.0022236962579617833
0.0015158594994028663
0.0011140662320859873
0.0008703585290605096
0.0007138591013136943
0.0006071345043789809
0.0005317899084394905
0.00047647417396496814
0.00043328025477707007
0.0003977756767515924
0.000368249900477707
0.00034272181031050954
0.00032193409136146495
0.0003031498805732484
0.0002869420531449045
0.0002732770203025478
0.000260777642316879
0.0002501903363853503
0.0002405994974124204
0.00023195660828025477
0.00022386855593152865
