0.0033882258907245223
0.0006352563943073248
0.000370421974522293
0.000275144929339172
0.00022575388136942675
0.0001954847979697452
0.00017261830712579618
0.00015754876592356687
0.0001455507314888535
0.0001366708548964968
0.00012978764430732483
0.00012332491540605094
0.00011792520899681529
0.00011378072750796179
0.00011107309912420383
0.00010826035031847133
0.00010584631269904458
0.00010436156449044585
0.00010227159633757962
0.00010029359076433121
9.94383210589172e-5
9.824156548566879e-5
9.739935808121018e-5
9.683767914012739e-5
9.582192973726114e-5
9.465067675159236e-5
9.362310907643312e-5
9.250223925159235e-5
9.246305234872612e-5
9.115433419585987e-5
