0.017595431926751594
0.0009561691381369426
0.00039851960589171973
0.00026168391719745223
0.000197668068272293
0.0001622008111066879
0.00013796713276273886
0.0001235911375398089
0.00011165406050955414
0.00010379988554936306
9.775079617834395e-5
9.229573049363057e-5
8.818359375e-5
8.394332205414013e-5
8.008061305732484e-5
7.76734175955414e-5
7.53178493232484e-5
7.41391321656051e-5
7.233715664808918e-5
7.108379777070064e-5
6.97203423566879e-5
6.837865744426751e-5
6.724285927547771e-5
6.656983976910828e-5
6.534073945063695e-5
6.465154757165606e-5
6.352134753184714e-5
6.268536027070064e-5
6.18101861066879e-5
6.151472929936305e-5
