0.005498020750398089
0.0005910877786624204
0.000313319814888535
0.00021908028960987262
0.00016813855991242038
0.0001361203722133758
0.00011427087480095542
0.00010155938992834395
9.021073845541401e-5
8.176129578025477e-5
7.582665704617835e-5
7.119638236464968e-5
6.746491839171975e-5
6.279172472133758e-5
5.996280354299363e-5
5.621641122611465e-5
5.373955015923567e-5
5.19102060111465e-5
5.01100965366242e-5
4.8258981886942674e-5
4.7320362261146496e-5
4.6109300358280255e-5
4.450139331210191e-5
4.3631817277070065e-5
4.298554438694267e-5
4.1704194864649684e-5
4.186902866242038e-5
4.0425333399681527e-5
3.9507862261146496e-5
3.8617759753184715e-5
