0.009097852806528662
0.000699156548566879
0.00032887825935509556
0.00022141222133757963
0.00016754826831210192
0.00013561094247611466
0.00011418130473726115
9.804438694267517e-5
8.67131518710191e-5
7.682250199044587e-5
6.956483877388535e-5
6.420245322452229e-5
5.947016819267516e-5
5.444802448248408e-5
5.039497910031847e-5
4.729174960191083e-5
4.4618332006369424e-5
4.2308170780254774e-5
4.004217257165605e-5
3.851388335987261e-5
3.6637888136942674e-5
3.5370844944267516e-5
3.412308419585987e-5
3.280938992834395e-5
3.193483777866242e-5
3.066219645700637e-5
3.0090565286624203e-5
2.9145103503184715e-5
2.8317202428343948e-5
2.7470018909235668e-5
