0.14416640625
0.0017253906249999895
0.0007332031250000259
0.0005167968749999474
0.00042109374999999005
0.00036601562500004903
0.0003261718749999476
0.0002929687499999556
0.0002750000000000252
0.0002617187500000284
0.0002484375000000316
0.00024140625000002025
0.000232812499999957
0.00022656249999997158
0.00021992187499997318
0.0002121093750000469
0.00020820312500002824
0.00020351562499998366
0.00020039062499999094
0.0001964843749999723
0.00019335937499997957
0.00019062499999999982
0.00018710937499999414
0.00018398437500000142
0.00018007812499998277
0.00017734375000000302
0.00017343749999998437
0.00017187500000004352
0.00017109375000001759
0.00016914062499995275
