1.0
1.0
0.950584375
0.3002296875
0.04851093750000002
0.008558203124999997
0.003852734375
0.002719921875000031
0.002096093749999972
0.0017218749999999838
0.0014496093750000494
0.001232421874999945
0.0010917968750000506
0.0009765625
0.0008749999999999591
0.0007968750000000302
0.0007347656249999668
0.0006855468749999982
0.0006425781250000151
0.0006089843750000101
0.000576562500000044
0.0005488281250000115
0.0005308593749999702
0.0005097656250000471
0.0004902343749999538
0.0004683593750000048
0.00045117187499998934
0.0004382812500000055
0.00042890625000002736
0.0004152343750000176
