0.6485996093749999
0.01630937499999996
0.0034148437500000073
0.0018949218749999552
0.0012996093749999549
0.0010007812500000268
0.0008230468750000108
0.0006972656250000542
0.0006035156250000506
0.0005382812499999945
0.00048085937499997566
0.0004371093749999666
0.00040312499999994866
0.00037460937500000124
0.00034804687500000764
0.00032226562500003997
0.0003050781250000245
0.00029023437499997584
0.00027695312499997904
0.0002652343750000341
0.0002562499999999579
0.00024570312500005187
0.00023789062500001457
0.00023125000000001616
0.00022460937500001776
0.0002187500000000453
0.00021015624999998206
0.0002054687500000485
0.00020156250000002984
0.00019687499999998526
