1.0
0.999959375
0.8693929687499999
0.35771718750000003
0.10587031250000001
0.03666328124999996
0.016330468749999993
0.009109765624999988
0.00598007812500001
0.004338671875000033
0.0034343749999999895
0.0028113281249999567
0.00239882812500003
0.002095312499999946
0.0018496093750000053
0.0016625000000000112
0.0015128906250000407
0.0013902343749999657
0.0012957031250000473
0.0012074218750000032
0.0011378906250000265
0.001075781249999963
0.001021093750000035
0.0009699218750000016
0.0009261718749999925
0.0008867187500000151
0.0008460937499999988
0.0008121093749999808
0.0007867187500000261
0.0007621093749999863
