0.390296875
0.01609687500000001
0.007267187499999994
0.004730859374999952
0.00348515625000001
0.0027332031250000277
0.0022492187499999483
0.0019222656249999748
0.0016921874999999975
0.0015332031250000488
0.001398437500000016
0.00128789062500001
0.001210156249999983
0.0011285156250000483
0.0010675781250000238
0.0010148437500000496
0.0009671875000000218
0.0009292968749999853
0.0008941406250000394
0.000866015624999994
0.0008390624999999874
0.0008128906250000068
0.0007925781249999986
0.0007742187500000552
0.000754687499999962
0.0007382812499999725
0.0007257812500000016
0.0007132812500000307
0.000699609375000021
0.0006906249999999448
