0.036785156250000006
0.00601171874999995
0.004325195312499974
0.0027021484375000515
0.0018593749999999964
0.001430664062500031
0.001164062500000007
0.0009970703124999591
0.0008720703125000284
0.000777343750000048
0.0007080078125000222
0.0006533203124999831
0.0006142578125000187
0.0005751953125000542
0.0005449218749999929
0.0005175781249999734
0.0004970703125000142
0.00047656250000005507
0.0004531250000000542
0.00042675781250001155
0.0004091796874999831
0.0003916015624999547
0.00037792968749994493
0.0003681640624999538
0.0003564453125000089
0.00034765624999999467
0.00033886718749998046
0.00032910156249998934
0.0003242187499999938
0.00031542968749997957
0.00031542968749997957
0.0003076171875000533
0.0002988281250000391
0.0002929687499999556
0.00029003906250002487
0.0002851562500000293
0.00028222656249998757
0.0002753906250000382
0.00027050781250004263
0.0002675781250000009
0.0002656250000000471
0.0002617187500000284
0.00025683593750003286
0.0002529296875000142
0.00024999999999997247
0.0002451171874999769
0.00024023437499998135
0.0002363281249999627
0.00023339843750003197
0.00023144531249996714
