0.036785156250000006
0.00601171874999995
0.0034648437500000018
0.0023056640624999902
0.001698242187500032
0.0013720703124999734
0.0011464843749999787
0.0009785156249999538
0.0008632812500000142
0.0007685546875000338
0.0007119140625000409
0.0006591796874999556
0.0006103515625
0.0005673828125000169
0.0005361328124999787
0.0005117187500000009
0.0004931640624999956
0.0004814453125000506
0.00045996093750000355
0.0004384765624999565
0.0004238281249999698
0.0004091796874999831
0.000399414062499992
0.00038476562500000533
0.00037109374999999556
0.00036132812500000444
0.0003583984374999627
0.00035253906249999023
0.00034667968750001776
0.0003408203125000453
0.00032714843750003553
0.0003164062499999565
0.0003095703125000071
0.0003007812499999929
0.0002939453125000435
0.00028906250000004796
0.00028222656249998757
0.0002763671875000151
0.0002695312499999547
0.0002656250000000471
0.0002597656249999636
0.0002587890624999867
0.00025683593750003286
0.0002539062499999911
0.0002529296875000142
0.00024999999999997247
0.00024804687500001865
0.0002451171874999769
0.00024121093749995826
0.00024023437499998135
