0.11841713509908537	0.08048720941310976	0.040159286871189026	0.011562123666158537	0.0016801595846036585
0.10420040967987805	0.05167861566310976	0.013410525438262195	0.001392678163109756	7.005275819359756e-5
0.09417575743140244	0.03823659012957317	0.007672982564786586	0.000717699599847561	3.797071503429878e-5
0.08753930068597561	0.03171327172256098	0.0061855111471036586	0.0005605325838414634	2.8239686547256097e-5
0.08254334984756098	0.028792516196646342	0.005453029725609756	0.00047799280678353657	2.20264267339939e-5
0.07977443788109756	0.02749559355945122	0.005078780011432926	0.000418211699695122	1.7649521246189023e-5
0.07847334698932927	0.026143888147865852	0.004807486185213415	0.0003782905392530488	1.4728467987804878e-5
0.07710973227896341	0.025418611852134145	0.004546612995426829	0.0003454375476371951	1.2785525438262196e-5
0.07618080697408537	0.02489162538109756	0.004346715415396342	0.00032073408917682926	1.134497665777439e-5
0.0753441787347561	0.0245849609375	0.004249356897865854	0.00030073123094512196	1.0214307831554878e-5
0.07452839176829268	0.02397044112042683	0.004098168349847561	0.00028560642149390243	9.344393102134146e-6
0.07410858898628049	0.023590534489329268	0.00401319550304878	0.0002748487519054878	8.672291825457318e-6
0.07362328506097561	0.023351157583841462	0.0039275080983231705	0.00026573337461890245	8.137504763719512e-6
0.0735131240472561	0.023299352134146342	0.0038456912157012195	0.0002586080411585366	7.858767625762195e-6
0.0731469131097561	0.022946241425304877	0.0037551209984756097	0.00025039657964939023	7.459091558689024e-6
0.07337616711128049	0.02266994569359756	0.0037306473894817074	0.00024167540015243902	7.115270102896342e-6
0.07303675209603659	0.022738424161585367	0.003633765243902439	0.00023693669016768292	6.78955078125e-6
0.07234601276676829	0.022731874047256097	0.003617389958079268	0.00023086771150914633	6.527010289634146e-6
0.07222989710365854	0.02270090987042683	0.0035920826981707316	0.0002259348799542683	6.316751619664634e-6
0.07231326219512195	0.022603253620426828	0.0035671922637195122	0.00022318025914634147	6.044862328506097e-6
0.07227753429878049	0.022459746570121952	0.0035314048208841464	0.00021934189214939024	5.880692644817073e-6
0.0719678925304878	0.02241746855945122	0.003494188262195122	0.0002146365282012195	5.755942740091463e-6
0.07180711699695122	0.02258122141768293	0.0034525057164634144	0.0002113257431402439	5.618747618140244e-6
0.07184879954268293	0.022388290777439025	0.0034372022675304877	0.00020731350038109757	5.421410537347561e-6
0.07216737328506098	0.022123904344512196	0.0034033203125	0.00020404439786585367	5.331852610518293e-6
0.07199171112804878	0.022167373285060975	0.0034093345083841464	0.00020262600038109757	5.2205602134146345e-6
0.07149747522865854	0.02193752381859756	0.0033887314214939026	0.00019939500762195122	5.084853753810975e-6
0.0719262099847561	0.021836890243902438	0.0034050471608231708	0.00019731564405487805	4.941584889481708e-6
0.07169100133384146	0.021826171875	0.003390279630335366	0.0001953565644054878	4.763600419207317e-6
0.07179223037347561	0.021822599085365855	0.0033365686928353657	0.0001928127381859756	4.719595560213415e-6
