1.0	0.999609375	0.95890625	0.6834640625	0.23693992187500001
0.998046875	0.84453125	0.3648828125	0.050513281249999986	0.002326718750000012
0.9375	0.54921875	0.13226562500000005	0.011402343750000044	0.0005135937500000409
0.859375	0.4078125	0.07925781249999997	0.006726562500000033	0.00033035156250005304
0.767578125	0.32578125	0.06097656250000005	0.0052992187499999455	0.00025265625000003844
0.705078125	0.289453125	0.05339843749999995	0.004524218749999975	0.0001986328124999881
0.669921875	0.26953125	0.048632812499999956	0.003957812500000046	0.00016152343749997744
0.654296875	0.25117187500000004	0.04550781250000002	0.003561718749999998	0.00013464843749999567
0.640625	0.240234375	0.042929687500000036	0.0032257812499999483	0.00011562499999995257
0.626953125	0.23593750000000002	0.04093749999999996	0.002995312499999958	0.00010292968750003073
0.62109375	0.23164062500000004	0.03898437499999996	0.0028023437499999915	9.222656249996408e-5
0.607421875	0.2265625	0.0380859375	0.002653906249999949	8.511718750003894e-5
0.59765625	0.220703125	0.03660156250000002	0.0025359375000000295	7.835937500000334e-5
0.58984375	0.21640625000000002	0.03578124999999999	0.0024335937499999627	7.308593749999481e-5
0.583984375	0.212890625	0.03484374999999995	0.0023476562499999964	6.941406250005056e-5
0.580078125	0.21054687500000002	0.0341796875	0.0022703124999999824	6.578125000000767e-5
0.578125	0.208984375	0.03371093749999998	0.002210156249999984	6.308593750004032e-5
0.57421875	0.20859375000000002	0.033085937499999996	0.0021492187499999593	6.046874999998675e-5
0.5703125	0.20781249999999996	0.03257812500000001	0.0020921874999999535	5.8164062500032365e-5
0.5703125	0.20585937499999996	0.032265624999999964	0.0020453124999999517	5.5781250000053184e-5
0.568359375	0.205078125	0.03195312500000003	0.0020140625000000245	5.374999999996355e-5
0.56640625	0.20273437500000002	0.03148437500000001	0.001965624999999971	5.191406250004693e-5
0.564453125	0.20234375000000004	0.03109375000000003	0.001920312500000021	5.046875000003226e-5
0.564453125	0.20195312499999996	0.030859375000000022	0.0018914062499999496	4.898437500000519e-5
0.564453125	0.20156249999999998	0.030703125000000053	0.0018570312500000297	4.773437500005251e-5
0.564453125	0.20039062500000004	0.030390625000000004	0.0018328125000000028	4.644531249997641e-5
0.564453125	0.19999999999999996	0.0302734375	0.0018070312500000352	4.515625000001133e-5
0.5625	0.19843750000000004	0.030156249999999996	0.0017843749999999492	4.406249999999723e-5
0.5625	0.19804687499999996	0.030000000000000027	0.001764062500000052	4.3007812499995524e-5
0.5625	0.19765624999999998	0.029843749999999947	0.001742187499999992	4.1796875000055245e-5
