1.0	1.0	1.0	1.0	1.0
1.0	1.0	1.0	0.99984453125	0.9991964453125
1.0	0.9875	0.928671875	0.78934453125	0.6472015625
0.97265625	0.782421875	0.440703125	0.19082578125000005	0.10396785156249999
0.90625	0.501953125	0.16617187499999997	0.03788203125	0.011856992187500026
0.79296875	0.38007812500000004	0.090703125	0.012047656250000038	0.0010710937500000295
0.71484375	0.31796875	0.0653125	0.007159374999999968	0.0005065234375000172
0.66015625	0.28398437499999996	0.053749999999999964	0.005395312500000027	0.0003508593750000122
0.634765625	0.26835937499999996	0.046992187500000004	0.004295312500000037	0.000255273437499981
0.615234375	0.2515625	0.042031249999999964	0.0035687500000000094	0.00019062499999999982
0.59375	0.23906249999999996	0.03855468750000002	0.0030343750000000336	0.0001466406250000274
0.580078125	0.22812500000000002	0.03578124999999999	0.0026328125000000258	0.00011632812499995371
0.572265625	0.21875	0.03394531249999999	0.002342187500000037	9.683593749998387e-5
0.56640625	0.21250000000000002	0.03230468750000004	0.0021023437499999575	8.199218750004622e-5
0.564453125	0.205078125	0.030976562500000027	0.0019117187499999577	7.10937500000286e-5
0.5625	0.20156249999999998	0.029765625000000018	0.0017476562499999515	6.289062499997833e-5
0.5625	0.19765624999999998	0.028828124999999982	0.0016187500000000021	5.76953124999946e-5
0.55859375	0.193359375	0.027812500000000018	0.0015179687499999872	5.324218750002441e-5
0.5546875	0.19101562500000002	0.026796875000000053	0.0014343749999999877	4.824218749999165e-5
0.55078125	0.18828124999999996	0.026015624999999987	0.0013406249999999842	4.468749999997357e-5
0.548828125	0.18437499999999996	0.025117187500000027	0.001264062499999996	4.140625000004228e-5
0.548828125	0.18437499999999996	0.02457031249999997	0.0011999999999999789	3.87890624999887e-5
0.546875	0.18125000000000002	0.023984374999999947	0.001132812499999969	3.667968749998529e-5
0.544921875	0.18007812499999998	0.02335937499999996	0.001086718749999993	3.4140624999956515e-5
0.544921875	0.17890625000000004	0.022890625000000053	0.001042187499999958	3.2695312500052864e-5
0.544921875	0.17695312500000004	0.02238281249999996	0.0010054687499999604	3.164062500005116e-5
0.544921875	0.17539062500000002	0.022031249999999947	0.0009749999999999481	2.9921874999949694e-5
0.544921875	0.17421874999999998	0.021757812499999973	0.0009382812499999504	2.9101562500022382e-5
0.54296875	0.173828125	0.021367187499999996	0.0009062499999999973	2.789062499997108e-5
0.54296875	0.17265624999999996	0.021132812499999987	0.0008789062499999778	2.6835937499969376e-5
